id,pred_status,proba_oral,proba_poster,proba_reject,proba_spotlight
00SnKBGTsz,poster,0.07438664724662294,0.48758495815684805,0.008550919355470584,0.4294774752410585
00ezkB2iZf,reject,2.282134272910279e-06,0.007352895496642075,0.9926396107389557,5.2116301293034476e-06
01wMplF8TL,reject,6.742495474507901e-07,0.008338642588585495,0.9916557545016849,4.928660182362893e-06
029hDSVoXK,poster,0.010511293295111024,0.7651410515192347,0.061094665428089154,0.163252989757565
02DCEU6vSU,reject,1.2533474505002653e-05,0.012409819639357474,0.9875567676778086,2.087920832885862e-05
02Od16GFRW,reject,3.341682178399934e-05,0.1333741800287353,0.8659447530347055,0.0006476501147752601
02haSpO453,poster,0.004379791828082044,0.8508760984409971,0.08023060189744884,0.06451350783347214
02kZwCo0C3,poster,0.002956751158056635,0.5249365455401542,0.42288782269505765,0.04921888060673148
03EkqSCKuO,poster,0.022513945158488362,0.6821690344502505,0.256697588233231,0.03861943215802997
03OkC0LKDD,spotlight,0.06155256877350756,0.4430435337967098,0.0026864074946150126,0.49271748993516756
03u7pbpyeN,reject,3.218612607189192e-07,0.0030168277071593408,0.9969815504819014,1.2999496784966796e-06
04RGjODVj3,reject,2.694550753685e-10,6.683625543892082e-05,0.9999331626509761,8.24129949565734e-10
04RLVxDvig,reject,8.378453055762203e-09,2.4231519529947284e-05,0.9999757597714002,3.3061685098214346e-10
04TRw4pYSV,reject,5.111081332039906e-08,0.00017066194049412083,0.9998292729353029,1.4013389568466568e-08
04c5uWq9SA,reject,0.00037438156887731637,0.12142190973385293,0.8764079458937206,0.001795762803549335
04qx93Viwj,spotlight,0.02029807209330542,0.4277233110132221,0.003858987413696179,0.5481196294797763
063FuFYQQd,reject,3.947370260922826e-06,0.011077576181613818,0.9889084333578138,1.0043090311253347e-05
06B23UkNid,reject,3.948890152460668e-08,0.0006579267816460585,0.9993419037333837,1.299960687190163e-07
06GH83hDIv,reject,5.157711475039585e-05,0.05436624053409975,0.9452708235243341,0.0003113588268156858
06ZvHHBR0i,reject,8.535212461231663e-12,8.41274726374824e-06,0.9999915872353211,8.880013047658554e-12
07N9jCfIE4,reject,0.0006710593269498779,0.062076402987348026,0.9368288825620961,0.00042365512360600444
07ZaA3MiL0,reject,4.7307474464714926e-08,0.003763612709101654,0.9962356284734416,7.115099823408172e-07
07cehZ97Xb,reject,1.7305087955034366e-09,0.00019828280866218687,0.9998017111691043,4.291724709856291e-09
07yvxWDSla,spotlight,0.3418989172903587,0.20792136072364614,0.0014406951725283697,0.4487390268134667
0823rvTIhs,poster,0.00383995376170136,0.7366484271291706,0.20977813448519847,0.049733484623929576
08FCLXDY3S,reject,1.0956589803862248e-06,0.00601114471382898,0.9939841375726586,3.622054531923795e-06
09FiNmvNMw,poster,0.00022818923445645518,0.5004264976561335,0.48792430742213294,0.011421005687277042
09JVxsEZPf,reject,1.8815693636408406e-06,0.01459334974991144,0.9853877050984482,1.706358227672341e-05
09LEjbLcZW,reject,2.2269160912212025e-06,0.022867828261540785,0.9770983941954258,3.155062694221206e-05
09TI1yUo9K,reject,3.000102880526386e-07,0.0025162614863800917,0.9974830986823773,3.3982095463241153e-07
0A6f1b66pE,reject,1.1855246092377684e-06,0.012046904629015323,0.9879416135172678,1.0296329107676593e-05
0AHkdAtFW8,reject,7.833554015620914e-05,0.26864271108100546,0.7299826853743214,0.0012962680045169861
0ASCZrVzSX,reject,1.490465003092055e-05,0.03197811817843881,0.9679415536711417,6.542350038858308e-05
0Ag8FQ5Rr3,reject,4.144933955709973e-06,0.024589849846294497,0.9753506368099228,5.5368409827009035e-05
0ApkwFlCxq,poster,0.003971976269724643,0.7213682939895709,0.20451970264118915,0.0701400270995152
0BBzwpLVpm,reject,7.350413312982159e-07,0.0029358762291269496,0.9970618897636381,1.4989659038072457e-06
0BujOfTqab,reject,0.00038739293280041993,0.25512206428723483,0.7418921815304144,0.002598361249550348
0C5iHPPwsG,reject,5.922278382571894e-07,0.06560088084898426,0.933833373785002,0.0005651531381754279
0CieWy9ONY,poster,0.0071669574922617945,0.7922252121132115,0.05309878238467662,0.14750904800985024
0CtIt485ew,reject,2.897972484526516e-07,0.0007698937178386005,0.999229598924068,2.1756084477334657e-07
0CvJYiOo2b,reject,1.006540642193271e-06,0.003233950404318503,0.9967642187130942,8.243419452160617e-07
0DZEs8NpUH,poster,0.000363371709944868,0.5076295878360074,0.476056943109208,0.015950097344839542
0EP01yhDlg,reject,3.9856353833108405e-06,0.010655386225367484,0.9893331514628237,7.47667642543031e-06
0F1rIKppTf,poster,0.0009451186477520372,0.5191890329627181,0.4715863337927806,0.008279514596749247
0FK6tzqV76,poster,0.00024482192249075614,0.5842804906313085,0.40854069496406137,0.006933992482139369
0FbzC7B9xI,poster,0.020273381422083483,0.6075520439579651,0.0619015904026142,0.310272984217337
0Fi3u4RCyU,poster,0.008193875749453796,0.6215768147175355,0.2241368842980331,0.14609242523497767
0FxnSZJPmh,reject,9.870753298182183e-05,0.2065424979924187,0.7923096507652202,0.0010491437093793808
0G6rRLYcxm,reject,3.3706846426647344e-05,0.06976934432538032,0.9298700159372973,0.0003269328908957165
0GC81gpjOo,reject,3.801497243225698e-06,0.018363450438380544,0.9815436433271901,8.910473718613481e-05
0GzqVqCKns,poster,0.001709494243727792,0.8858412561249189,0.07060464490350224,0.04184460472785096
0HWAbWgI3T,reject,3.048042632361291e-07,0.0019014272686891176,0.9980974523932158,8.155338318728532e-07
0HqPwbN1Su,reject,3.232452168990613e-06,0.01588906625988174,0.9840927117584076,1.4989529541731818e-05
0IhoIn0jJ3,reject,9.200380186497815e-09,0.0010977022398783811,0.9989021240235109,1.6453623056452176e-07
0IqriWHWYy,reject,4.791896979978519e-07,0.005424228930080485,0.9945734237173789,1.8681628426378095e-06
0JOhLEf2bX,reject,6.110262185497442e-09,0.00018275814594192157,0.9998172277735782,7.970217768465706e-09
0JcPJ0CLbx,reject,8.172262969933368e-09,0.0008072812212688503,0.9991926603873009,5.0219167134010186e-08
0JjsZC0w8x,poster,0.0013378819244337166,0.562333386296839,0.41241222986699,0.023916501911737262
0JwxMqKGxa,reject,4.262604500079949e-09,0.00012585337904561715,0.9998741302872344,1.207111558803091e-08
0K0hoNL9sx,reject,1.5685066439503953e-05,0.005516671241309508,0.9944342830181027,3.336067414837915e-05
0K1OaL6XuK,reject,2.1808981697016974e-05,0.22588401387169818,0.7600341654832878,0.014060011663317024
0KFwhDqTQ6,reject,1.13166089984944e-08,0.0005043272337766199,0.9994956288846812,3.256493315327178e-08
0KHW6yXdiZ,reject,4.623816434907003e-05,0.3536948274373703,0.6448642131987486,0.001394721199531938
0L8wZ9WRah,reject,8.388043365272241e-08,0.003252360152351569,0.9967471100000637,4.4596715097569614e-07
0LSAmFCc4p,poster,0.00472909949800684,0.7284059009357259,0.1523341403039382,0.11453085926232925
0Lpz2o6NDE,reject,3.2558140847810373e-06,0.004201201132767517,0.9957934404515064,2.1026016412399953e-06
0MVWOHwHDb,reject,3.299510339964348e-05,0.10894950323258312,0.8905614967687163,0.0004560048953008672
0MhlzybvAp,reject,0.00019648953699236845,0.2051372300799506,0.793677737788978,0.000988542594079133
0N8yq8QwkD,reject,1.3810959077169366e-07,0.003534606552984658,0.9964646715598583,5.837775662266866e-07
0NAVeUm7sk,poster,0.06499312343888732,0.6221266950717184,0.047012257505790356,0.26586792398360404
0NEjIZlEhP,reject,1.6374720723614866e-07,0.0017162597218790285,0.998283265738126,3.107927877526805e-07
0NvSMb7xgC,reject,1.92195413458245e-06,0.009594305679545233,0.9903942600306046,9.512335715579049e-06
0OB3RVmTXE,reject,1.8179260430615785e-07,0.0010555342805633567,0.9989441371038912,1.4682294118629806e-07
0OTVNEm9N4,poster,0.08644205877107303,0.5207940089173573,0.04787128816057311,0.3448926441509966
0OzDMjPHa3,reject,3.855500172798904e-09,0.00015998103489215501,0.9998400114528386,3.6567691280322813e-09
0PC9goPpuz,reject,6.999217915326102e-09,0.0002499166726263195,0.9997500648176789,1.1510476983224676e-08
0PcJAHbSmc,reject,1.8991858962578662e-05,0.08374982522656807,0.9159215809410313,0.00030960197343798246
0PxLpVURTl,poster,0.005149747593943909,0.8298703964062937,0.03975074095278472,0.1252291150469777
0QJPszYxpo,reject,2.595709099763726e-06,0.02564034412659249,0.9743346848662089,2.2375298098724526e-05
0QZcoGdmtJ,poster,0.0034619617143744528,0.701482013330442,0.14926285108809262,0.14579317386709095
0QePvFoqY6,reject,9.47178929332519e-08,0.0017009135655304908,0.9982985662442195,4.2547235720261884e-07
0QkVAxJ5iZ,reject,2.7687739989695822e-05,0.08839145228651475,0.9109324010406088,0.0006484589328867785
0QnKnt411O,poster,0.00915348044266526,0.7414580201234823,0.015417274982128967,0.23397122445172341
0QvLISYIKM,reject,9.005617085728647e-06,0.039855729230773206,0.9599629294049643,0.00017233574717677815
0R3ha8oNPU,reject,4.5349277001331895e-05,0.06193774138800343,0.937632798829565,0.000384110505430268
0R8JUzjSdq,reject,0.0002148098915499471,0.10280856925738623,0.8964692699553881,0.0005073508956758756
0RHMnPj8no,reject,0.003476356310022873,0.4040852057139058,0.570926290109332,0.021512147866739276
0RUQmLFF1D,poster,0.0012345369970753642,0.7353043945383211,0.23553250681371568,0.027928561650887824
0Ra0E43kK0,reject,1.5850071528110497e-08,0.0001710507825243188,0.9998289237480639,9.619340207827019e-09
0RgLIMh94b,reject,1.0418827368625523e-07,0.0006858481098943953,0.9993139396127475,1.080890844821816e-07
0SpkBUPjL3,reject,2.8012006771568527e-08,0.00046877901882204755,0.9995311609051101,3.206406108390502e-08
0T49QbSOho,poster,0.007333326709292293,0.6528024584889789,0.25228865228501046,0.08757556251671819
0T8vCKa7yu,reject,1.77304075038576e-09,7.564125801635001e-05,0.9999243565316135,4.3732919631350575e-10
0TSAIUCwpp,reject,1.1964142205343084e-06,0.004082132886384069,0.9959143806636126,2.290035782913679e-06
0Th6bCZwKt,reject,3.593674239133431e-06,0.0208551069637564,0.9789592652772059,0.00018203408479874626
0UCkWfcfb9,reject,1.6879556790064188e-08,0.0007056360529133464,0.9992942846535184,6.241401156154839e-08
0UCoWxPhQ4,poster,0.0030818101013991976,0.7859538693090085,0.01152001316876068,0.19944430742083175
0ULf242ApE,reject,0.0025292875261551558,0.32917320761282715,0.6511842002131314,0.017113304647886306
0UO1mH3Iwv,poster,0.00119547797772594,0.8470371319921014,0.12464723575302858,0.027120154277144332
0UvlnHgaii,poster,0.00029026927643070136,0.7107261405302396,0.2797968046572007,0.009186785536128821
0VP3LuzZ8K,poster,0.0025742532277759547,0.6344636888871512,0.32593082888520625,0.03703122899986662
0Wl6h2CZeJ,reject,0.00013863784003721784,0.23959983051514253,0.7589384611167892,0.0013230705280310156
0WqAnYWi7H,reject,8.730843913690442e-07,0.0032678430654434886,0.9967289761362138,2.307713951439942e-06
0XT3Lg6S2Q,reject,1.0721675589647744e-05,0.10394692636968433,0.89522085604988,0.000821495904846065
0Xc6o1HKXD,reject,5.089377382380552e-08,0.00024818767117489856,0.9997517408288366,2.0606214849235125e-08
0Xt7uT04cQ,poster,0.02167715138457807,0.793412362734295,0.0904958079540543,0.09441467792707256
0YXckVo7Kw,reject,8.560937363744954e-05,0.23098484726665292,0.7679542959874709,0.0009752473722387181
0Yfjerm9Zp,reject,5.1233503112086346e-11,0.0004037201595199391,0.999596159193274,1.2059597264046724e-07
0YkZe9nwiC,reject,4.054363901397264e-09,4.0479928040511636e-05,0.999959515554266,4.633294395761838e-10
0YxvqG9SsJ,reject,2.82048292366297e-07,0.00031670941108992445,0.9996829678907975,4.064982015109735e-08
0ZcQhdyI3n,reject,8.445835685949646e-21,4.882965032766497e-07,0.9999995117034148,8.193729565462263e-14
0Zot73kfLB,reject,3.2145358359362595e-05,0.12675895758770783,0.8721974638416965,0.0010114332122364382
0a7TRHhhcS,reject,1.9721324526140786e-05,0.030983687816921353,0.9689299535525708,6.663730598155328e-05
0aTIvSJ83I,reject,1.0488568410355516e-10,1.444129144010311e-05,0.9999855585409649,6.270911421144715e-11
0aaaM31hLB,reject,5.214999519197711e-06,0.03300473910339048,0.9669642332909303,2.5812606159823954e-05
0bcRCD7YUx,reject,5.761585524066956e-05,0.04926156797593348,0.9504950387817764,0.0001857773870492146
0bcUyy2vdY,reject,0.0001961216644585233,0.2234369814122638,0.7734658588957559,0.0029010380275216827
0bmGL4q7vJ,spotlight,0.044988415833448786,0.3633098511481338,0.001857678752157485,0.58984405426626
0bswm093Yl,reject,5.068783330311728e-06,0.015580518451445056,0.9843953290360645,1.9083729160217333e-05
0cBttXaOUK,reject,2.6868309670490043e-06,0.011533986283662943,0.988454075170247,9.2517151229688e-06
0cadcLKbt7,reject,1.9458316112319113e-08,0.0005462699753552503,0.999453601846702,1.0871962668610517e-07
0ctvBgKFgc,spotlight,0.3948751029791517,0.12050618995590368,0.0009475579694699623,0.4836711490954748
0dELcFHig2,poster,0.003251141775516209,0.7470814187846632,0.02381741040416376,0.22585002903565687
0e26yMOCbd,reject,2.0167931125110457e-10,3.931807886985925e-05,0.9999606813297548,3.896960456375424e-10
0e2pcSxQJS,spotlight,0.09199332219606815,0.4453466451423275,0.012130539128134572,0.45052949353346977
0eMsrRMmCw,poster,0.02157297621763532,0.7949978277041724,0.04664342624364534,0.13678576983454688
0eRJRbVG95,reject,7.345647311461282e-07,0.006429997639021016,0.9935666615033732,2.60629287453397e-06
0er6aOyXUD,reject,2.9553968272154243e-06,0.49767068249150925,0.5021818717811245,0.00014449033053899523
0eu837jdBD,reject,3.638746094623833e-08,0.0013614981045169067,0.9986375054288632,9.600791590917555e-07
0fD3iIBhlV,poster,0.00024716977594117865,0.851679073466069,0.12563016852218675,0.022443588235803315
0fJfVOSUra,spotlight,0.08464766909705045,0.3572260320724487,0.004421740477282129,0.5537045583532186
0fXcrl35V0,reject,1.5685066439503953e-05,0.005516671241309508,0.9944342830181027,3.336067414837915e-05
0fhzSFsGUT,spotlight,0.06609386099122301,0.37102647400068983,0.003948777025676753,0.5589308879824103
0fwJMANq9P,reject,6.725760511544767e-06,0.026306949848068195,0.9735523775863261,0.0001339468050943442
0gGPVbRqOE,reject,3.211212133776737e-07,0.0032290204352645067,0.9967695484844913,1.1099590307541278e-06
0gOQeSHNX1,reject,0.00023794382771293387,0.09587636243915446,0.9027214291704477,0.0011642645626849016
0gVatTOgEv,reject,3.2267241896532224e-08,0.00037491319854881725,0.999625011732769,4.280144042991177e-08
0gqCIaBRQ9,reject,2.0619710061778408e-05,0.03904458266542428,0.9608071803811371,0.00012761724337684692
0h6v4SpLCY,spotlight,0.12104696230449993,0.2997633551327121,0.006291154678286875,0.5728985278845012
0hc7iQLhCt,reject,2.5700357667927486e-08,0.0005700486971945113,0.9994298729512963,5.2651151662554596e-08
0hyShAPeBj,reject,1.249628002279023e-06,0.0025661203660485494,0.9974316693575782,9.60648370818249e-07
0iAZYF9hrl,reject,1.2192635307703914e-11,7.712559131057961e-06,0.9999922874079484,2.072791425454254e-11
0iXfS9Smqf,reject,1.5915402193579535e-10,0.0006069208214950193,0.9993930572047399,2.181461108475784e-08
0iscEAo2xB,poster,0.031579845034046164,0.6200514807053185,0.1873829025775769,0.16098577168305844
0jJ94VVgzi,reject,0.003192778232931636,0.4357753887274156,0.5449915015823787,0.01604033145727408
0jUeqlQxMi,reject,1.4313095879207085e-07,0.0007131297340189678,0.9992866792352337,4.789978848448222e-08
0je4SA7Jjg,poster,0.0002050859486444,0.5887372017403102,0.39323568003395487,0.01782203227709045
0jmFRA64Vw,reject,2.009499019369445e-11,8.637002471340737e-06,0.9999913629631914,1.4242318059694665e-11
0k7pbSxNOG,reject,1.5463360452430782e-05,0.05469215325027127,0.9451435981365207,0.00014878525275561653
0koPj0cJV6,reject,3.862177189354877e-08,0.008063696788270848,0.9919331032407289,3.1613492282812213e-06
0lMhptUGxP,reject,4.711279106342695e-07,0.012129918362682391,0.9878520462001454,1.7564309261524985e-05
0lVQBMhsPG,reject,1.462686434135565e-09,0.0008022101576934523,0.9991977742577366,1.4121883427172234e-08
0m27tvXkNm,reject,1.5685066439503953e-05,0.005516671241309508,0.9944342830181027,3.336067414837915e-05
0mJZplhexS,reject,8.642258933206221e-07,0.005858546991118861,0.9941383312409362,2.2575420516916796e-06
0mdUV1pLGP,reject,1.6798666291896227e-09,0.0001255612463942717,0.999874434044854,3.028885065792097e-09
0mo2yqOS6Z,reject,2.044434121254591e-05,0.19766145369860966,0.8015045685062493,0.0008135334539284562
0mtz0pet1z,reject,0.0012031502187096353,0.3983289347310683,0.5935081444420062,0.006959770608215828
0n4bS0R5MM,poster,0.003068083939657106,0.734569192341051,0.17383871253652883,0.08852401118276296
0nJEgNpb4l,poster,0.002387669957128482,0.7099156151239011,0.22084316992824887,0.06685354499072141
0nJt9aVGtl,reject,2.8994595537650854e-07,0.017560413554676007,0.9824259499754943,1.3346523874349026e-05
0no1Wp2R2j,reject,0.00012892890038188385,0.37367503739562663,0.6215300173885719,0.004666016315419631
0nxocR2qx4,reject,0.00029845276885773686,0.3303935445243327,0.6667449567022663,0.002563046004543232
0oWGVvC6oq,poster,0.0027348465054414014,0.8602140704489669,0.056422675101021044,0.08062840794457077
0ov0dMQ3mN,poster,0.0004681787695101169,0.834430700951242,0.15226411967504344,0.012837000604204304
0owAtTCOlU,reject,4.554370439050254e-05,0.4944549674046521,0.5007098460595433,0.004789642831414169
0owyEm6FAk,reject,4.213535561433292e-09,0.0014333788530030778,0.9985644183950788,2.198538382577459e-06
0pLCDJVVRD,spotlight,0.016233409229046255,0.45923015964751934,0.009490761307986918,0.5150456698154474
0pbxX2jatP,reject,9.805541896897624e-07,0.001602143211082429,0.9983961847631316,6.914715962671397e-07
0py3h7pops,reject,0.00013925926586654628,0.10577507772821582,0.8933571204076106,0.0007285425983070568
0qexTTfnmH,reject,1.84926470370073e-07,0.0008175396006411934,0.9991820930386761,1.8243421245629742e-07
0qfIhtel8N,reject,3.300491659118842e-08,2.4702684080296683e-05,0.9999752638885091,4.224940263033505e-10
0qrTH5AZVt,reject,4.615098388788155e-06,0.011259151360464752,0.9887137309026109,2.250263853559534e-05
0quBGOPP5V,reject,1.3802114124938313e-08,0.0009227191855047673,0.9990771975589319,6.945344930710296e-08
0rACj8JLAL,reject,0.00020760361357463768,0.282686586264903,0.7148511693023234,0.002254640819198946
0rS9o1uKqu,reject,1.8228990307488445e-10,1.0990889378442798e-05,0.9999890088065629,1.2176883341396998e-10
0rmOx0Ifbf,reject,1.0471394183570993e-07,0.000993955341020779,0.9990057233179096,2.1662712776823814e-07
0sJ8TqOLGS,reject,4.8118281678258215e-05,0.08419140996186196,0.9152819295518569,0.0004785422046028488
0sU4myabw1,reject,3.1998079590336963e-06,0.004571666306210489,0.9954230596434276,2.0742424028942977e-06
0sary0UZn5,reject,3.245746339160737e-05,0.1212043816197134,0.8756183575592849,0.0031448033576102386
0spR7wDwBh,poster,1.594718404198186e-06,0.822825485433626,0.1544478504641519,0.022725069383817853
0sr8bS4S2H,reject,8.150563581792959e-07,0.0037427393265215526,0.9962546463947058,1.7992224143323745e-06
0tAXMiSufG,poster,0.001027913644124849,0.8800917570272779,0.06184887768875996,0.05703145163983703
0tAn34IkXI,reject,2.1872731232649302e-07,0.003974296516203854,0.9960240991449149,1.3856115689528076e-06
0tIiMNNmdm,reject,2.1457027822690407e-06,0.046083140197500295,0.9538528571555542,6.18569441633288e-05
0tMcsHsHgQ,reject,1.085690072796029e-05,0.23074501934205288,0.7675265056632105,0.0017176180940086088
0tXmtd0vZG,reject,3.523598293459199e-05,0.05000969153677956,0.9496819091964357,0.0002731632838501276
0uFTqvQhML,reject,5.606446565897383e-06,0.0644509251651255,0.9354675050646247,7.596332368388612e-05
0uRc3CfJIQ,reject,7.5903935989034895e-06,0.09639003220940408,0.887584700572897,0.016017676824100078
0vKokoPKTo,reject,1.0934832426289163e-08,0.00010120633858608256,0.9998987795496747,3.1769069665208265e-09
0vMLqSdsKW,reject,1.2034109870170702e-07,0.0032275162149195354,0.9967704758481545,1.8875958271652567e-06
0vtftmYQGV,poster,0.0004926897621555996,0.699531741827111,0.27869136620226814,0.021284202208465237
0wQCSXJbwt,reject,1.5314476943818996e-07,0.003711766523144399,0.9962872115211163,8.688109698210223e-07
0wfmHoKQX6,reject,1.3598012011576754e-05,0.010402912261827582,0.9895655809140264,1.790881213428369e-05
0whx8MhysK,poster,0.003781284699644818,0.8800128937483035,0.020664217524067812,0.09554160402798384
0wmfzWPAFu,poster,0.019013240611966176,0.835605148136824,0.11092150189750972,0.034460109353700114
0x8wWloW2O,reject,1.3209061030193908e-07,0.0005501113678860229,0.999449470729037,2.8581246668858896e-07
0xUEBQV54B,reject,1.5131638376982721e-05,0.05085114687115242,0.9490220381862181,0.00011168330425231974
0y3hGn1wOk,reject,1.904317523124215e-05,0.10414044513347949,0.8955628014413696,0.0002777102499195464
0yTf37PXcH,reject,0.00017947326295384049,0.2735044426258581,0.7232056324074109,0.0031104517037771322
0yVP49SDg0,reject,7.118854661517253e-10,0.00022302570990758062,0.9997769671223655,6.455841336136287e-09
0yXqV8VJKi,reject,0.0001742821519894117,0.34482958682134984,0.6473328629189975,0.007663268107663338
0ydseYDKRi,reject,0.00024165977540743598,0.22337389778439995,0.7695788059898634,0.006805636450329145
0yvZm2AjUr,spotlight,0.11390083555084765,0.37563305113472795,0.003358394414662957,0.5071077188997614
0zGvf2yRMQ,reject,2.4335165694468268e-06,0.02911101053767739,0.9708624095585422,2.4146387211108153e-05
0zRuk3QdiH,reject,0.00020619367062911606,0.08914154368013542,0.9093773613047712,0.0012749013444642813
0zZEbHLTwf,reject,1.4392984537171586e-08,0.00020064203966203934,0.9997993374287,6.138653415259456e-09
0ziGSo4uWp,reject,3.2894192983652973e-09,0.0002920925206484118,0.999707890536827,1.3653105362536835e-08
0zmHFyZwkA,reject,6.020989168967353e-08,0.009656354844782963,0.9903409144850985,2.6704602267995678e-06
107ZsHD8h7,reject,9.929962933860656e-05,0.20360218893516813,0.794962460634015,0.001336050801478403
10DtLPsdro,poster,5.880388554015116e-09,0.9563680652088294,0.04325624975578607,0.00037567915499614484
10JOlFIPjt,spotlight,0.2821830084246532,0.18358232531137222,0.003201845834415661,0.531032820429559
10kBEqYKKN,reject,6.909561876792676e-12,9.341311455392834e-06,0.999990658674417,7.217884669188098e-12
10vaHIOdEe,reject,1.4800479595781881e-06,0.010921561969862213,0.9890735017959137,3.456186264475017e-06
11xgiMEI5o,spotlight,0.027415578824446285,0.45057916964518513,0.005216882595708054,0.5167883689346606
12B3jBTL0V,reject,1.071193998468798e-05,0.16636555430646482,0.8325509337315473,0.0010728000220031882
12gMsxpu4G,reject,1.7106670028169278e-08,0.0018235589090935186,0.9981762712754443,1.5270879222759038e-07
12iSWNLDzj,reject,1.0021214619140688e-09,2.856666914332157e-05,0.9999714321389861,1.8974923308392942e-10
13G5KXm98a,reject,0.00012456799618839102,0.10315971663260765,0.8963022322016007,0.0004134831696032561
13PclvlVBa,reject,5.850630994477421e-07,0.01530456044457272,0.9846828012894349,1.2053202892927368e-05
14E7S17hFv,reject,1.3897800501890864e-06,0.008318389610002386,0.9916726973630225,7.523246924797631e-06
14fFV0chUS,poster,0.005686724166297169,0.6742714785488823,0.03417101913150588,0.28587077815331463
15ASUbzg0N,reject,0.0005400727100777925,0.457703815457268,0.5337110955816445,0.00804501625100962
15UetYngA7,poster,0.002428819422749879,0.704972172664511,0.2436557315124118,0.04894327640032742
15dVqf7VXR,reject,1.3706350098711974e-05,0.018808034408654,0.9811475287454441,3.073049580321951e-05
15lk4nBXYb,reject,4.1033648419916675e-10,2.4996445837909e-05,0.9999750029817939,1.620316191610677e-10
16O8GCm8Wn,poster,0.012363275586251417,0.7285872213112582,0.022987254155977573,0.23606224894651276
16kG5aNleS,poster,0.0007248231668922368,0.8001860979340454,0.14125244510745763,0.05783663379160478
1762Fbr4HK,reject,3.330342128706534e-06,0.010616026667685807,0.989369093464364,1.154952582149255e-05
17U3nlco2r,reject,2.9447935944793032e-08,0.00044466044390421643,0.9995552742885234,3.581963639016966e-08
17idjbdHVW,reject,3.7263923013329624e-07,0.005982362062578077,0.994015030500971,2.2347972209674343e-06
1959usnw3Z,reject,3.6768660058418223e-11,2.1201071788971536e-05,0.9999787988398393,5.160319866484767e-11
19QWQSsbOA,reject,6.1986128041074365e-06,0.07052928980185136,0.9293641169422497,0.0001003946430946334
19ufhreGTj,poster,0.0009455368550605505,0.7525088606859475,0.22708677284694148,0.019458829612050553
1ABhAZCoGr,reject,1.1457791238968462e-07,0.0003276033979889694,0.9996722596144298,2.2409668942220148e-08
1AYrzmDK4V,reject,4.540994827418082e-07,0.00824115406256035,0.9917514331349426,6.958703014229758e-06
1BdPHbuimc,spotlight,0.03278671946662277,0.46718583052641965,0.021861632160676225,0.4781658178462813
1BlEVFmqwn,reject,1.5554170585098971e-06,0.006983733525357596,0.9930101207789261,4.5902786579444865e-06
1CIUkpoata,poster,0.0010876783890081904,0.7756806521276496,0.20084223721329664,0.022389432270045573
1CLzLXSFNn,spotlight,0.2417317651512743,0.33145834251504414,0.006292971124720133,0.42051692120896134
1CRu6bGx25,reject,2.0865762230861334e-08,0.000345605325688651,0.999654336874719,3.6933829924917746e-08
1CeIRl147S,reject,3.1253871868165035e-08,0.0010121417600534423,0.9989876659560626,1.6103001201851868e-07
1D3TjFidCS,reject,2.0642291039835897e-08,0.00013545599044958642,0.9998644964736111,2.689364837485222e-08
1DEEVAl5QX,reject,3.93626026802507e-06,0.013467478311522835,0.9865194415448626,9.143883346582857e-06
1DEHVMDBaO,reject,1.6056322746171436e-07,0.004543915748335516,0.9954550724406884,8.512477488374533e-07
1DIdt2YOPw,reject,5.030103069749373e-09,0.0003313198961018372,0.9996686627883803,1.2285414752225744e-08
1DVgysiIt7,poster,0.002307909187106357,0.7630900358281313,0.19372776744759732,0.040874287537165016
1EEst6oDU7,reject,0.00013118271258900636,0.2792080890442104,0.718737581198331,0.0019231470448696111
1EJIax7ekV,reject,0.00012535343010969895,0.09746501142750023,0.9020516140219452,0.00035802112044477306
1EnpStvBU8,poster,0.000458298400936678,0.7599807584936918,0.22683070968486266,0.01273023342050868
1Euu8FPr3d,reject,1.5254587655499502e-05,0.04988443305155366,0.9499948065788962,0.00010550578189450261
1ExfUpmIW4,poster,0.0011063080159673957,0.8348532502464105,0.13478176172834375,0.029258680009278334
1F8xTfv6ah,reject,2.4090464696659694e-05,0.07745051240790586,0.9223005270519373,0.0002248700754603018
1FY1apsMxc,reject,3.9136481336246155e-09,0.00015385539801654295,0.9998461378061738,2.8821615119887004e-09
1Ffzgglq2I,reject,1.2334284996111483e-08,0.0001800966532234816,0.9998198805196133,1.0492878360777914e-08
1FiMrJxPAM,reject,1.0544491976990655e-07,0.0010802515218218073,0.9989192218226488,4.212106096130126e-07
1GIVx7COef,reject,2.4980790203480102e-06,0.0023273340564066453,0.9976691330239268,1.0348406461318583e-06
1GPN2oa7P7,reject,1.8624668387191107e-07,0.005269439274125159,0.9947288076430708,1.5668361199339896e-06
1GTARJhxtq,poster,0.004786487422356074,0.8099977329206985,0.04121052867383336,0.14400525098311187
1H90Gb9rJ9,poster,0.0020550408627181866,0.6363290078471295,0.07856799637106912,0.28304795491908313
1HCN4pjTb4,spotlight,0.12803921975876092,0.17784853376909837,0.0016043242144508684,0.6925079222576899
1HQZ4QFWi8,reject,1.003826370490437e-08,0.0001473573024666306,0.9998526228330645,9.826205259876311e-09
1IeCqgULIM,spotlight,0.00036721491749765677,0.46680470910532607,0.016041961235787047,0.5167861147413892
1Iq1qIsc2s,poster,0.0027505782825457516,0.6386079309711447,0.3257247761865901,0.03291671455971941
1Iu2Yte5N6,poster,0.002089528714811554,0.7936727236072048,0.19069620033183843,0.013541547346145103
1Iuw1jcIrf,spotlight,0.1176296909839497,0.3080204478771446,0.004030143046208461,0.5703197180926972
1IuwdOI4Zb,poster,0.0011528819767210163,0.6697145437809577,0.00531579633689086,0.3238167779054303
1IwoEFyErz,poster,0.00038618210059463185,0.7567052687304682,0.23221942436462467,0.010689124804312477
1JgWwOW3EN,reject,2.718382496272351e-11,0.011383808954447835,0.9886160235787548,1.6743961353012335e-07
1JhSJIYX3p,reject,7.242834027396683e-10,0.00011485967162045744,0.9998851368249555,2.779140819566068e-09
1KLBvrYz3V,spotlight,0.08164086080658693,0.25842412274919485,0.0029179182520056904,0.6570170981922127
1KvYxcAihR,reject,0.00010765977372042064,0.11970765360664268,0.8775407898824042,0.0026438967372324957
1L52bHEL5d,poster,0.0012639397686420735,0.7426163813767185,0.21327325944604206,0.04284641940859751
1L9vdc7BB5,reject,6.28905581183052e-05,0.3103269566717567,0.6865545108760822,0.0030556418940426914
1MHgMGoqsH,reject,4.133762269916676e-10,2.3259478147192804e-05,0.9999767399116828,1.9679376508641488e-10
1MjOlHwCE6,reject,1.1519781987808338e-10,1.1332902470162705e-05,0.9999886669051795,7.71525941818706e-11
1NYhrZynvC,reject,3.055452391141246e-10,1.1673715627466743e-05,0.9999883252999825,6.788449310397644e-10
1NevL7zdHS,poster,0.0012071731385501253,0.7573590780424149,0.22448780377551683,0.016945945043518137
1Njl73JKjB,poster,0.011894248911198451,0.7220907680462983,0.02541311912520585,0.24060186391729727
1NkrxqY4jK,reject,6.438984150311371e-06,0.023671957017841087,0.9762554522247405,6.615177326803868e-05
1NprT9Kz0d,poster,0.006492296533774402,0.7960434221309578,0.16172207901711375,0.03574220231815388
1Nwsqw0sTm,reject,2.8967353420126446e-05,0.06128954564172175,0.9384867441202951,0.00019474288456311343
1OGhJCGdcP,reject,1.5802766351311642e-09,0.00010617234708248114,0.9998938236947671,2.3778738092075775e-09
1Ogw1SHY3p,poster,0.02464436307980954,0.709826867275012,0.015506007226197816,0.25002276241898064
1OkVexYLct,reject,2.0834843110863415e-07,0.001217537539591014,0.998781920941376,3.3317060195835856e-07
1OyE9IK0kx,reject,2.686901742252673e-08,0.039867735963918065,0.9596868231697768,0.0004454139972876543
1P6AqR6xkF,reject,1.6248264899924102e-06,0.004408181696439681,0.9955885395244085,1.653952661642055e-06
1PDz4Ny1N2,poster,5.042278527550967e-05,0.8986037164542372,0.0843761612044944,0.01696969955599285
1PZt5nFlzH,reject,2.0530146016596443e-06,0.04703505471727762,0.952882517919586,8.037434853474302e-05
1Q2t6D4dK6,reject,8.741463125229862e-06,0.03571684120332516,0.9642100852961047,6.433203744476844e-05
1Qn1pMLYas,reject,1.4194775996700714e-07,0.0011532697751502,0.9988462894463713,2.988307182990193e-07
1Qpt43cqhg,poster,0.009582307027374006,0.648075912498745,0.034132900790489897,0.3082088796833911
1Qq62mo8TW,reject,1.5685066439503953e-05,0.005516671241309508,0.9944342830181027,3.336067414837915e-05
1R5BcYS8EC,poster,0.007800112596794602,0.7222012792609246,0.1203951383341702,0.14960346980811035
1RC3KtP1jT,reject,0.00020524196622911876,0.4295745554640231,0.5654458664265848,0.004774336143163004
1RNSYEEpwi,reject,7.75939433578208e-07,0.0027230028601536722,0.997274593620577,1.6275798357206416e-06
1S7kpbfgq9,reject,2.2126779301495132e-05,0.021081874397033646,0.9786480079036748,0.0002479909199900188
1S8ndwxMts,reject,1.0069062742739234e-10,4.215042396455634e-05,0.9999578490211253,4.542195791624522e-10
1STZCCI8mn,poster,0.00138635223222643,0.6175798120496688,0.35896663394283174,0.022067201775273045
1SYUKPeM12,poster,0.0022733842204688357,0.6615979995940163,0.31147980377740325,0.024648812408111547
1T6HzuZMCz,reject,5.0091572361167214e-09,0.00011256360355085789,0.9998874270937095,4.2935824738413184e-09
1TJSnL3ywS,reject,1.8642210211107236e-08,0.0026246216194571194,0.997374160078902,1.199659430746544e-06
1TXDtnDIsV,reject,9.136540163322266e-06,0.006432260752153773,0.9935494384526715,9.164255011502858e-06
1ThYY28HXg,poster,0.0012443966613072267,0.700243607618315,0.26473296021879567,0.03377903550158207
1UMxtR9Eb9,reject,0.0029207659094602663,0.44500962854076986,0.5302650141188867,0.02180459143088324
1Uem0nAWK0,reject,2.539522698990457e-07,0.005301064739827406,0.9946967914094452,1.8898984574086247e-06
1V28zvLJMg,poster,3.4478304708903696e-05,0.6761356601151989,0.3126128697462778,0.01121699183381433
1VwWi6zbxs,poster,6.16346238874096e-05,0.5065256667990159,0.47692251968971655,0.016490178887380188
1W6oINj8ne,reject,6.895533687055674e-10,7.121256998858019e-05,0.9999287854535667,1.28689132548342e-09
1X1R7P6yzt,poster,0.0143098676543419,0.7784264632094106,0.05576109354297408,0.15150257559327354
1X85iw7tqY,reject,3.108612103206777e-05,0.2005142998345085,0.7987699784941468,0.0006846355503124708
1Xg4JPPxJ0,poster,0.001866068174456664,0.7841689734877962,0.18376148561619307,0.030203472721554023
1XxNbecjXe,reject,0.00021489066595988074,0.2888191338688568,0.7100811380247899,0.00088483744039343
1XzTxtezgj,reject,8.832956113787231e-07,0.004574186496338703,0.9954223635482111,2.5666598388273434e-06
1Y5hMMuCFU,reject,0.00012047967452687195,0.1075359655348321,0.8916200017191362,0.0007235530715047902
1YTF7Try7H,reject,6.274422291656057e-08,0.04737436127229147,0.952302558782783,0.00032301720070245253
1YXkDXIqVw,reject,1.4516539450379293e-07,0.0009164999990654844,0.999083188236827,1.665987128867603e-07
1YYp1rPRlm,poster,0.00040224056431827917,0.6523667245007755,0.33942081385076933,0.007810221084136949
1YZw3RK2kg,reject,7.629869351038776e-08,0.0009044986718591161,0.9990952841162386,1.409132087299738e-07
1YlfHUVq7q,reject,0.0002017172041999813,0.1383047461085941,0.8565267538609007,0.004966782826305255
1Z3C49JQVf,poster,0.0013472378080710693,0.5342366734560362,0.43878242642701043,0.025633662308882418
1Z6PSw7OL8,poster,0.0019178573768246943,0.8519325942325454,0.06928374672849452,0.0768658016621352
1ZAqAmK6BM,reject,7.155301360903093e-06,0.07257732199804835,0.9271417797500113,0.0002737429505792981
1aF2D2CPHi,spotlight,0.06689850669258922,0.2800664420960589,0.003047110094133898,0.6499879411172178
1auB9yeB9a,reject,9.372081855302333e-06,0.202482959689223,0.7971108376772008,0.00039683055172087746
1c73HCZpbo,reject,2.471077652077645e-08,0.001091413455550006,0.9989084161093627,1.4572431080578848e-07
1cM0yQe3pO,reject,1.399246237796334e-05,0.15880766790803647,0.8407928589472037,0.00038548068238199683
1ctV3yry3B,reject,3.2493709207607244e-09,5.158298246476609e-05,0.9999484115238639,2.24430041770819e-09
1d8Egv45of,reject,0.00014502508357081784,0.19429653326681656,0.8045561946306454,0.0010022470189672205
1dDxMPJy4i,reject,3.910774261547242e-09,4.742270293069812e-05,0.9999525682343405,5.151954418201628e-09
1dUdNzLJRF,reject,0.00021431502353633623,0.2783262012855943,0.7196715638101947,0.0017879198806746725
1dkL3MVBfV,reject,1.0321084442115193e-05,0.08255588387906222,0.9166959013907583,0.0007378936457374917
1dkVCX4jlH,reject,0.0004917848649204146,0.35899815085832487,0.6378700763535805,0.0026399879231741724
1durmugh3I,poster,0.012843070016467168,0.7530091336238348,0.01873665745712766,0.21541113890257035
1e5fX6X44w,reject,3.31186319269992e-05,0.4972709359278939,0.5005766714729344,0.0021192739672447605
1eI236MqEA,reject,1.0009516019868035e-06,0.016673733296988392,0.9833156767638492,9.588987560408003e-06
1eMbYu0841,reject,1.7639027262583382e-08,0.00062082677790347,0.9993791218741352,3.37089340971984e-08
1eQT9OzfNQ,poster,0.007421524504745559,0.6107202759448446,0.01697380214323811,0.3648843974071718
1ebgtm7P10,reject,1.130251882089095e-06,0.002983628635107281,0.9970134403683919,1.8007446188546544e-06
1epaSm9QRs,reject,1.3762981229922195e-06,0.003148849862963794,0.9968469152781619,2.8585607511291358e-06
1fC4ytCAgb,reject,2.7420682120934517e-07,0.0011698208809272177,0.9988295967208239,3.081914277152433e-07
1fwZJzGdKj,reject,0.0011273312433348677,0.3602196924603696,0.6307521434192073,0.007900832877088189
1g4s7ME93g,reject,4.432483292808215e-06,0.05108120155187305,0.9488165491612658,9.781680356833061e-05
1gqR7yEqnP,reject,1.1154944827653136e-10,6.3224854238121405e-06,0.9999936773458078,5.721889414823766e-11
1hQKHHUsMx,poster,0.01848428051477108,0.7019599810182567,0.04703927210364535,0.23251646636332662
1hT2fsHbK9,reject,7.10738179187051e-06,0.03444636155369564,0.965500518955201,4.6012109311768404e-05
1i6lkavJ94,poster,0.000392480109607289,0.6763512447977724,0.27086135647409565,0.05239491861852473
1iuaxjssVp,spotlight,0.1666998909591388,0.34660978671208026,0.016785813373148165,0.46990450895563274
1jcnvghayD,poster,0.013467790489325514,0.6549571387984668,0.02502000295145032,0.3065550677607574
1kFDrYCuSu,poster,0.005588799308687573,0.8157664660606693,0.04732569818420415,0.13131903644643905
1kMTJnqmyl,reject,7.360539175773825e-05,0.05151218972096056,0.9481142693840328,0.0002999355032489995
1lB5ErmIY0,reject,0.0008754175767246763,0.2618596483646807,0.7361568767236873,0.0011080573349073954
1lFZusYFHq,poster,0.0027077344814109,0.759284162238393,0.155324631495223,0.08268347178497303
1mMjZvEhwH,reject,6.268701076400408e-10,0.00013407034628208902,0.9998659256477258,3.3791220120002905e-09
1mXufFuv95,poster,0.020967786901175428,0.49407611152050174,0.022986700023395902,0.46196940155492694
1nHQRsb3Ze,reject,1.210254681642537e-06,0.006835957580959498,0.9931592954016125,3.5367627463275327e-06
1o3fKLQPRA,reject,3.792269660216785e-07,0.0029171274780614978,0.9970816230379449,8.702570275978187e-07
1oIXRWK2WO,reject,5.688854438319903e-07,0.004722684528844943,0.9952753014328921,1.4451528190534747e-06
1olDGAXncb,reject,2.1745734054753626e-10,3.302220004734027e-05,0.9999669774053935,1.7710184663280072e-10
1ou5noWgHM,reject,6.754321500267926e-05,0.32654956351060777,0.6724881761648047,0.0008947171095848651
1p6xFLBU4J,poster,0.003484247903628335,0.7611677826553974,0.2246366498111307,0.010711319629843754
1pXzC30ry5,spotlight,0.01514479747248916,0.43808002088260056,0.0033722332226138953,0.5434029484222963
1poUSIGSCI,reject,1.5685066439503953e-05,0.005516671241309508,0.9944342830181027,3.336067414837915e-05
1qGkuxI9UX,poster,0.022138031868279295,0.7172145741898437,0.2013111542120629,0.05933623972981409
1qP3lsatCR,poster,0.018055332262328895,0.5003838875385593,0.005317784989928286,0.4762429952091834
1qbZekXGrp,poster,0.0026508870305228076,0.8219218719577316,0.06175685579863395,0.11367038521311175
1qgZXeMTTU,poster,1.1980988905468198e-05,0.9184773917988668,0.07438404645208514,0.00712658076014262
1qq1QJKM5q,poster,0.0006083938278131609,0.5252964226498064,0.45142991842953006,0.0226652650928503
1rg56KzwsS,reject,3.381119417257076e-07,0.007130433617403911,0.9928644038773956,4.82439325873655e-06
1t1YSuBv3T,reject,4.155184504130578e-06,0.014803979755253572,0.9851732030605339,1.8661999708568416e-05
1tBvzOYTLF,reject,0.0008011346183045944,0.4409869718475159,0.5478916039091156,0.010320289625063872
1tZLONFMjm,reject,1.405374691908878e-08,0.0005886267658069071,0.999411298606252,6.057419414976953e-08
1uLW9eYNJB,poster,0.02222956739672322,0.8332287100970237,0.048068038935373196,0.09647368357088007
1upXwlEW8y,reject,0.0011956193057105268,0.23713545502993136,0.750974197464649,0.010694728199709139
1v7SRWsYve,poster,0.000843665925018943,0.7367751107463882,0.20022183073739863,0.0621593925911941
1vggIT5vvj,poster,0.0017020903655471336,0.8642160216523364,0.046310421263309906,0.08777146671880666
1vjMuNJ2Ik,reject,3.837231691761677e-08,0.0006157400232176062,0.9993841325969379,8.900752741340617e-08
1vrpdV9U3i,poster,0.025525902473307147,0.8805373478038551,0.057484163633394085,0.03645258608944375
1wRXUROlzY,reject,2.103790374193762e-06,0.012126453419615366,0.9878600742178826,1.1368572128027268e-05
1waeKNeQzG,reject,5.0648317152411464e-05,0.19858508507053704,0.8006078475851935,0.0007564190271169347
1x1gGg49jr,poster,0.006711695779878005,0.7983608264533809,0.02960607636792376,0.16532140139881743
1xG3MN1RRW,poster,8.18472094063043e-06,0.5231011836293291,0.475581022590063,0.0013096090596672449
1xzqz73hvL,poster,0.008213190070416487,0.794371686093621,0.028395223002277398,0.1690199008336849
1yJ3IDpb1D,reject,9.067091144695507e-09,0.0005179557226443704,0.999481993841768,4.1368496660320664e-08
1yJP5TVWih,poster,0.00301138134093028,0.7703433787960757,0.16528886865168718,0.06135637121130688
1ymGFnxfVB,reject,6.092206884753552e-06,0.018339201257270454,0.9816355003556219,1.920618022298849e-05
1z3SOCwst9,poster,0.0069679712480804935,0.7595396959363006,0.06726137712604688,0.16623095568957216
1zDOkoZAtl,reject,6.090244000178636e-09,0.0005176353030102181,0.9994823073262235,5.1280522289773486e-08
1zgil8py5o,reject,3.961351689243393e-05,0.05072406664709912,0.9490539298995899,0.00018238993641845656
1ziPqVsDLc,reject,2.5810487559150607e-05,0.2053167796023454,0.7934968316549175,0.0011605782551778081
1zuJZ1jGvT,reject,9.388075707717102e-06,0.12209723626338777,0.8762045253786009,0.001688850282303562
204sPiwBbB,reject,5.7001863318278254e-05,0.07891048803981579,0.9201172495166727,0.0009152605801932434
20mMK8UlFh,reject,2.968844183264387e-06,0.006250420223161999,0.9937426920851928,3.918847461787638e-06
20qZK2T7fa,poster,0.023729825015581078,0.7490131233548376,0.13830379001352266,0.08895326161605854
21rSeWJHPF,poster,0.00011965863170849758,0.7112768920896815,0.2708054289144988,0.01779802036411135
