id,pred_status,proba_oral,proba_poster,proba_reject,proba_spotlight
00SnKBGTsz,poster,0.08651119491753673,0.5059408774062107,0.009637241280893633,0.39791068639535887
00ezkB2iZf,reject,2.409696136885172e-06,0.005781637010349212,0.9942128002339402,3.153059573589259e-06
01wMplF8TL,reject,4.649089166132211e-07,0.009079286560154245,0.9909156190837489,4.62944718019658e-06
029hDSVoXK,poster,0.011421973887969004,0.7552328823371932,0.04973866791585049,0.1836064758589873
02DCEU6vSU,reject,1.4734238758144708e-05,0.012114593468993932,0.9878511009044721,1.957138777589503e-05
02Od16GFRW,reject,3.674107961812909e-05,0.1341847815877069,0.865205905461898,0.0005725718707769124
02haSpO453,poster,0.004722781560685013,0.8628564210499664,0.07827383777663177,0.05414695961271676
02kZwCo0C3,poster,0.0033183860961912915,0.5220397612574663,0.43478339308362485,0.039858459562717635
03EkqSCKuO,poster,0.03564876964086198,0.6715176125525077,0.2583673135141105,0.034466304292519755
03OkC0LKDD,spotlight,0.06420243014936741,0.45477227550720095,0.0029488686624925824,0.47807642568093894
03u7pbpyeN,reject,3.6154420733058114e-07,0.003428866687446109,0.9965695053435094,1.2664248371748573e-06
04RGjODVj3,reject,8.801207510388709e-11,2.812281302775784e-05,0.9999718768621502,2.3680982279192803e-10
04RLVxDvig,reject,8.42157525190454e-09,1.9619241731055816e-05,0.9999803721186914,2.1800220307705922e-10
04TRw4pYSV,reject,5.810094085583179e-08,0.00018225224014668107,0.9998176772082488,1.2450663730367768e-08
04c5uWq9SA,reject,0.000524016755874762,0.1257040318504454,0.872103630939538,0.0016683204541417852
04qx93Viwj,poster,0.017787260474844767,0.5189757101526459,0.00528936124011421,0.45794766813239524
063FuFYQQd,reject,3.5269530237569237e-06,0.008754858240157318,0.9912352394183491,6.375388469739212e-06
06B23UkNid,reject,3.276043280959866e-08,0.000562557479017079,0.9994373187655311,9.09950189245609e-08
06GH83hDIv,reject,8.408543568225203e-05,0.057660297607914454,0.9419330865610345,0.00032253039536862506
06ZvHHBR0i,reject,2.4584645755148176e-12,4.363973747776958e-06,0.9999956360200913,3.702464029154317e-12
07N9jCfIE4,reject,0.0007892323568604618,0.06624128222034298,0.9325408117717225,0.0004286736510739146
07ZaA3MiL0,reject,5.210538874171534e-08,0.004472351128492939,0.9955268237998784,7.729662398068291e-07
07cehZ97Xb,reject,1.0094523303864223e-09,0.0001970752371419276,0.9998029214029601,2.3504457462715415e-09
07yvxWDSla,spotlight,0.38629327173070216,0.19115196806298648,0.0014675883271447782,0.4210871718791665
0823rvTIhs,poster,0.004031681786699358,0.7582755037190534,0.18841915269784645,0.04927366179640077
08FCLXDY3S,reject,1.4838412979842725e-06,0.006323478732566065,0.9936715761059223,3.4613202136554944e-06
09FiNmvNMw,reject,0.00018199635977732926,0.45482965323446367,0.5363226012122352,0.008665749193523878
09JVxsEZPf,reject,2.654659265663622e-06,0.016965518104918885,0.9830113063806372,2.0520855178230032e-05
09LEjbLcZW,reject,1.195764461820033e-06,0.018198657288544078,0.9817803980182105,1.974892878345572e-05
09TI1yUo9K,reject,1.7528389236677347e-07,0.0017417322111498933,0.9982579057485608,1.8675639712074147e-07
0A6f1b66pE,reject,1.1065277381059007e-06,0.011260270303764846,0.9887299168014825,8.706367014698051e-06
0AHkdAtFW8,reject,9.6462600353314e-05,0.2608463499901888,0.7377606961689053,0.0012964912405525994
0ASCZrVzSX,reject,2.050723198679755e-05,0.03503911951209118,0.9648644252129761,7.59480429457017e-05
0Ag8FQ5Rr3,reject,2.1865725508789632e-06,0.019205352416362065,0.9807560520053431,3.640900574391037e-05
0ApkwFlCxq,poster,0.0036425831010701267,0.7367757061445462,0.19800719242799453,0.06157451832638915
0BBzwpLVpm,reject,9.618223823594153e-07,0.0032113577472948907,0.9967861709522889,1.5094780337709081e-06
0BujOfTqab,reject,0.0001317278002399779,0.22121775418177092,0.7774498037908302,0.0012007142271588693
0C5iHPPwsG,reject,5.479396289313462e-07,0.06220638129704872,0.9372867923086159,0.0005062784547062711
0CieWy9ONY,poster,0.008593516216456905,0.8135234553548897,0.05539600406429716,0.12248702436435625
0CtIt485ew,reject,3.1956433052506156e-07,0.0007012387677468249,0.9992982743049501,1.6736297262547323e-07
0CvJYiOo2b,reject,8.60164457071473e-07,0.002462429826786097,0.9975361614083228,5.486004339501989e-07
0DZEs8NpUH,poster,0.00044579549953502264,0.5758602352394814,0.4093225519242335,0.01437141733675008
0EP01yhDlg,reject,4.115541259226847e-06,0.009384913456741906,0.9906051816486372,5.789353361667703e-06
0F1rIKppTf,poster,0.001152311372569824,0.49779948953463266,0.49318719596582894,0.00786100312696869
0FK6tzqV76,poster,0.0002987306210420626,0.6025300213083302,0.39103000767175,0.006141240398877785
0FbzC7B9xI,poster,0.01970050356553558,0.6276316874234469,0.06394506520502745,0.28872274380599006
0Fi3u4RCyU,poster,0.009272171664652435,0.6417512863405715,0.21921198725668545,0.1297645547380905
0FxnSZJPmh,reject,0.00011967167681111562,0.22194180133951885,0.7770229944011184,0.0009155325825516426
0G6rRLYcxm,reject,3.547711472308163e-05,0.08496362570358644,0.914668863001734,0.00033203417995661367
0GC81gpjOo,reject,1.9028325086181435e-06,0.014780755857397309,0.9851612989381464,5.604237194774305e-05
0GzqVqCKns,poster,0.001736299621108411,0.8681814729124488,0.0915597174767343,0.03852250998970855
0HWAbWgI3T,reject,2.9268588454904925e-07,0.0021721688340711766,0.9978267809639633,7.57516081012456e-07
0HqPwbN1Su,reject,3.001659354973884e-06,0.01358293140199494,0.9864029473908094,1.1119547840671578e-05
0IhoIn0jJ3,reject,1.0839084518383094e-08,0.0013067600941766959,0.9986930516032636,1.7746347513570742e-07
0IqriWHWYy,reject,3.788477689859804e-07,0.00498120102722818,0.9950170840161657,1.3361088370747468e-06
0JOhLEf2bX,reject,5.5232356899657945e-09,0.00018716154085082152,0.9998128258148984,7.1210152541358894e-09
0JcPJ0CLbx,reject,7.4059343440193055e-09,0.0006683248409990327,0.9993316345821417,3.31709248636477e-08
0JjsZC0w8x,poster,0.001998801895516638,0.6005365564285872,0.37303216576479603,0.024432475911100173
0JwxMqKGxa,reject,4.365564304428516e-09,0.00011802536054299692,0.9998819580976744,1.2176218384166603e-08
0K0hoNL9sx,reject,1.2919092822522451e-05,0.005149777942037441,0.9948137262790182,2.3576686121865445e-05
0K1OaL6XuK,reject,2.4182247406857967e-05,0.22247604568325458,0.763973299441849,0.013526472627489575
0KFwhDqTQ6,reject,8.523726539170633e-09,0.00039130609183917717,0.9996086659121809,1.9472253545192487e-08
0KHW6yXdiZ,reject,3.517481604603392e-05,0.30196852429380894,0.6970544390477732,0.0009418618423719501
0L8wZ9WRah,reject,7.38674358921368e-08,0.002522361862123136,0.9974773285008334,2.357696075136757e-07
0LSAmFCc4p,poster,0.0049967029306273265,0.7415486943219858,0.1531547839279198,0.10029981881946719
0Lpz2o6NDE,reject,2.5870345117293643e-06,0.003851509240230281,0.9961444005898854,1.503135372781723e-06
0MVWOHwHDb,reject,4.440426665827833e-05,0.12614323595945265,0.8733207025160744,0.0004916572578146403
0MhlzybvAp,reject,0.00019988917988202835,0.19766121439538978,0.8013212150573966,0.0008176813673316468
0N8yq8QwkD,reject,1.1415555353385026e-07,0.0036282672752412275,0.9963711232193375,4.953498677757306e-07
0NAVeUm7sk,poster,0.071773105572934,0.6463228418705743,0.06789345716531865,0.21401059539117304
0NEjIZlEhP,reject,1.6687504929703292e-07,0.0017114103179736472,0.9982881487737761,2.7403320076970497e-07
0NvSMb7xgC,reject,2.537325429952612e-06,0.011887539307671141,0.9880991999777347,1.0723389164211667e-05
0OB3RVmTXE,reject,1.7793077118812186e-07,0.0009838441665023189,0.9990158596674593,1.1823526734630707e-07
0OTVNEm9N4,poster,0.09101132040709627,0.5277470713899061,0.04573848425268133,0.3355031239503163
0OzDMjPHa3,reject,3.974963606694925e-09,0.0001609712854066091,0.9998390212589133,3.480716385406404e-09
0PC9goPpuz,reject,6.901453070429195e-09,0.00021947406169991646,0.9997805106251909,8.411656186332988e-09
0PcJAHbSmc,reject,2.277093701496067e-05,0.08390863284646748,0.9158044325644101,0.0002641636521074257
0PxLpVURTl,poster,0.005479721832587555,0.8460892046385202,0.037929782122106286,0.11050129140678612
0QJPszYxpo,reject,1.980657988285552e-06,0.02718053595150891,0.9727976276590035,1.9855731499264606e-05
0QZcoGdmtJ,poster,0.0038907523259273857,0.6961113852344818,0.2000254978332122,0.09997236460637883
0QePvFoqY6,reject,8.647915621488555e-08,0.00122179137231052,0.998777907590658,2.1455787523183893e-07
0QkVAxJ5iZ,reject,3.263519042110706e-05,0.09468747886115243,0.9046779519374288,0.0006019340109975255
0QnKnt411O,poster,0.01021143992645797,0.7752805835108046,0.016680938741736404,0.19782703782100097
0QvLISYIKM,reject,8.839932660725971e-06,0.043174153590235326,0.9566345244310724,0.0001824820460315187
0R3ha8oNPU,reject,6.48369389197728e-05,0.07016744743046059,0.9293812126556559,0.00038650297496387433
0R8JUzjSdq,reject,8.576363603251825e-05,0.08773493616415841,0.9118704618987549,0.00030883830105429263
0RHMnPj8no,reject,0.0036683296546546115,0.37627243956896383,0.6031478170132661,0.016911413763115436
0RUQmLFF1D,poster,0.0012683184653797135,0.762346178844192,0.2109202755882395,0.02546522710218869
0Ra0E43kK0,reject,1.875376366356848e-08,0.0001487660569401696,0.999851208979705,6.209591101883878e-09
0RgLIMh94b,reject,1.12512974154266e-07,0.0005982987206613926,0.9994015115028623,7.72635022071304e-08
0SpkBUPjL3,reject,1.9732618699222696e-08,0.0004324433147652315,0.9995675140407627,2.2911853317634212e-08
0T49QbSOho,poster,0.010271196439052626,0.668573538174766,0.2381358327448456,0.08301943264133577
0T8vCKa7yu,reject,1.0227237712970116e-09,4.9290784499694574e-05,0.9999507079935588,1.9921769212323846e-10
0TSAIUCwpp,reject,1.3322418428932529e-06,0.0036680214624346093,0.9963288750933473,1.7712023751165885e-06
0Th6bCZwKt,reject,3.734093982450286e-06,0.02035693699881012,0.9794805527100152,0.00015877619719222616
0UCkWfcfb9,reject,1.4746941226661858e-08,0.0006890628500297657,0.9993108647003281,5.770270086589635e-08
0UCoWxPhQ4,poster,0.004063149028238014,0.8070727420703293,0.011608148971908955,0.1772559599295237
0ULf242ApE,reject,0.003081530358230841,0.3281223910467577,0.6539908040088299,0.014805274586181506
0UO1mH3Iwv,poster,0.001284256553582067,0.8529431110085303,0.1235780630967808,0.022194569341106904
0UvlnHgaii,poster,0.0003546947462061731,0.7197161493055022,0.2705543544344035,0.009374801513888156
0VP3LuzZ8K,poster,0.0027021343153178414,0.6341982732105959,0.3296477376397329,0.033451854834353305
0Wl6h2CZeJ,reject,0.0001579451748271865,0.25643523352795516,0.7421792718740734,0.0012275494231442096
0WqAnYWi7H,reject,1.1375527751681733e-06,0.0033143187699880843,0.9966820133567861,2.530320450607708e-06
0XT3Lg6S2Q,reject,6.343680101935473e-06,0.08546497416926871,0.9140856334791713,0.00044304867145803916
0Xc6o1HKXD,reject,3.592434002006511e-08,0.00016846772562952988,0.99983148658533,9.764700383514114e-09
0Xt7uT04cQ,poster,0.022110516853496496,0.7939913608193349,0.0982999429215367,0.0855981794056321
0YXckVo7Kw,reject,7.506855979986553e-05,0.22197257438816878,0.7771368875059667,0.000815469546064729
0Yfjerm9Zp,reject,2.764115504712993e-10,0.0006348613975221237,0.9993648653760356,2.7295003076075954e-07
0YkZe9nwiC,reject,4.0786814559791285e-09,3.386475702472476e-05,0.9999661308205512,3.437424705804436e-10
0YxvqG9SsJ,reject,2.9081375641784454e-07,0.00029177152614153504,0.999707906674677,3.098542506501404e-08
0ZcQhdyI3n,reject,3.405556467374025e-21,4.542984470713834e-07,0.9999995457015177,3.5301051474747744e-14
0Zot73kfLB,reject,4.3512705726173754e-05,0.12511016197530203,0.8738257899588099,0.0010205353601618822
0a7TRHhhcS,reject,1.6982817966848213e-05,0.02302706720774077,0.9769157681699409,4.0181804351579605e-05
0aTIvSJ83I,reject,8.2966190492212e-11,1.1133208556946994e-05,0.9999888666690071,3.946972884580445e-11
0aaaM31hLB,reject,2.7605172582958735e-06,0.03018123104318709,0.9697965831985321,1.9425241022557437e-05
0bcRCD7YUx,reject,6.35530734240682e-05,0.04597719384444892,0.9538285011251088,0.00013075195701819987
0bcUyy2vdY,reject,0.000212903362657208,0.22703103902576244,0.7702262641657273,0.0025297934458532543
0bmGL4q7vJ,spotlight,0.06166774782614451,0.39169246692156906,0.00244097976194372,0.5441988054903427
0bswm093Yl,reject,5.328102878768538e-06,0.015590556304220399,0.9843876441575913,1.6471435309567742e-05
0cBttXaOUK,reject,2.5841581733593643e-06,0.011027421367356134,0.9889619186832774,8.075791192868169e-06
0cadcLKbt7,reject,1.3532675213839061e-08,0.000372605072323012,0.9996273181692055,6.322579633771074e-08
0ctvBgKFgc,oral,0.44157532654255754,0.12403537803988679,0.0011659985712718928,0.4332232968462838
0dELcFHig2,poster,0.0031596485439645736,0.7718740251768118,0.023119766960523806,0.2018465593186998
0e26yMOCbd,reject,1.5604784196786029e-10,3.565979341975445e-05,0.999964339736742,3.1379054232002493e-10
0e2pcSxQJS,poster,0.104037242144584,0.4535853132665277,0.013376023824567115,0.4290014207643213
0eMsrRMmCw,poster,0.023393890197571696,0.8048533848951857,0.04171794811441923,0.13003477679282338
0eRJRbVG95,reject,8.381379189721608e-07,0.007733588635419578,0.9922628329707314,2.7402559301495465e-06
0er6aOyXUD,reject,1.8247415939795215e-06,0.47972669539470447,0.5201552012483653,0.00011627861533628608
0eu837jdBD,reject,3.9680450469712817e-08,0.0017288266145517302,0.9982700821881926,1.0515168052044084e-06
0fD3iIBhlV,poster,0.00030577351113674276,0.8698355680413214,0.10625730420814843,0.023601354239393472
0fJfVOSUra,spotlight,0.1672335005916503,0.31058257045074583,0.0028015992523870758,0.5193823297052169
0fXcrl35V0,reject,1.2919092822522451e-05,0.005149777942037441,0.9948137262790182,2.3576686121865445e-05
0fhzSFsGUT,spotlight,0.06854161077385527,0.366475909203303,0.0032219699311533717,0.5617605100916883
0fwJMANq9P,reject,7.200281490425555e-06,0.030724752081012885,0.9691220673296004,0.00014598030789619816
0gGPVbRqOE,reject,4.058726381154937e-07,0.003523524468486055,0.9964747676771091,1.3019817667475188e-06
0gOQeSHNX1,reject,0.0002356693014652921,0.09769266179209594,0.9010981031163668,0.0009735657900718963
0gVatTOgEv,reject,4.3162670647998656e-08,0.000444341438968897,0.999555566366883,4.903147743366294e-08
0gqCIaBRQ9,reject,2.254887722941229e-05,0.03879551783583979,0.9610659690769825,0.00011596420994842359
0h6v4SpLCY,spotlight,0.13290458995014365,0.3129660941461584,0.005884081208920463,0.5482452346947775
0hc7iQLhCt,reject,2.325140338089386e-08,0.00036956863942869643,0.9996303853443772,2.2764790609083997e-08
0hyShAPeBj,reject,1.8873016975196914e-06,0.0029885465682584784,0.9970084488152597,1.1173147841048884e-06
0iAZYF9hrl,reject,5.270452848789906e-12,4.359850032324719e-06,0.9999956401353892,9.308073673820247e-12
0iXfS9Smqf,reject,2.6472551526735744e-10,0.0005114257861269081,0.9994885580941056,1.5855041976507504e-08
0iscEAo2xB,poster,0.029001703649524466,0.6393151108201898,0.20198343330872115,0.12969975222156468
0jJ94VVgzi,reject,0.003156580659231814,0.426279768075751,0.5554136910882641,0.015149960176753102
0jUeqlQxMi,reject,1.055086800465252e-07,0.0005930134734120675,0.9994068479442396,3.3073668268564835e-08
0je4SA7Jjg,poster,0.00019166486684896934,0.6140441651751352,0.36847495486627596,0.017289215091739932
0jmFRA64Vw,reject,1.430169067484027e-11,6.61339702097889e-06,0.9999933865801055,8.571796012202782e-12
0k7pbSxNOG,reject,1.678786374591753e-05,0.054270615397626565,0.9455848599410419,0.00012773679758570222
0koPj0cJV6,reject,4.485386090142483e-08,0.0063178167627020426,0.9936798863160747,2.2520673623020007e-06
0lMhptUGxP,reject,1.6353309688999154e-07,0.009864650005290012,0.9901259198208122,9.266640800747923e-06
0lVQBMhsPG,reject,7.440866083798268e-10,0.0005943311916054592,0.9994056580120007,1.0052307174189298e-08
0m27tvXkNm,reject,1.2919092822522451e-05,0.005149777942037441,0.9948137262790182,2.3576686121865445e-05
0mJZplhexS,reject,9.637004299989339e-07,0.006744353758428437,0.993252049258401,2.633282740450064e-06
0mdUV1pLGP,reject,1.2435985373992358e-09,9.535943043880587e-05,0.9999046374609651,1.8649974157077074e-09
0mo2yqOS6Z,reject,1.714614556955117e-05,0.18041710956829637,0.8188969275452079,0.0006688167409261258
0mtz0pet1z,reject,0.0013286604045164268,0.40235628074497104,0.5895910149069334,0.00672404394357895
0n4bS0R5MM,poster,0.002998811788698475,0.7375807774553357,0.18188264850625227,0.07753776224971351
0nJEgNpb4l,poster,0.0027776462603176016,0.7133676616254591,0.2223497928757161,0.06150489923850732
0nJt9aVGtl,reject,2.3193147188818049e-07,0.01464180018762592,0.985350312515631,7.655365271263554e-06
0no1Wp2R2j,reject,0.00014823643801394518,0.37202095045118294,0.6236931157772042,0.0041376973335989515
0nxocR2qx4,reject,0.0002856680964007667,0.308718551884303,0.6889720153279004,0.002023764691395916
0oWGVvC6oq,poster,0.003189674273377993,0.8619841516996506,0.058650163776201705,0.07617601025076971
0ov0dMQ3mN,poster,0.0004844919432683763,0.8470975059777194,0.14212567980134166,0.010292322277670586
0owAtTCOlU,reject,7.23270899028651e-05,0.48188813111744155,0.5135492279494209,0.0044903138432347035
0owyEm6FAk,reject,2.6984404600359435e-09,0.0012015541147416924,0.9987970039248009,1.4392620169727403e-06
0pLCDJVVRD,poster,0.01688588092865309,0.4989795223986259,0.01045861780948176,0.4736759788632393
0pbxX2jatP,reject,6.170134883079725e-07,0.0012568331150924837,0.9987421573680658,3.9250335345166617e-07
0py3h7pops,reject,0.00014252306868665828,0.10429343961775299,0.8949099362790229,0.0006541010345374937
0qexTTfnmH,reject,2.649875778166943e-07,0.0008836266854046641,0.9991159249437114,1.8338330622342285e-07
0qfIhtel8N,reject,2.5142125024744825e-08,1.518581110877083e-05,0.9999847888469491,1.998170897194355e-10
0qrTH5AZVt,reject,4.298907004389505e-06,0.011407611020777754,0.9885714776193532,1.661245286463283e-05
0quBGOPP5V,reject,8.852582428515231e-09,0.0005846633818120566,0.999415296512128,3.125347740645307e-08
0rACj8JLAL,reject,0.00023557574104620635,0.2837353356652274,0.7141539644306131,0.0018751241631133953
0rS9o1uKqu,reject,2.104213522598415e-10,1.0385572629750768e-05,0.9999896141212333,9.571550012105161e-11
0rmOx0Ifbf,reject,7.994315227166529e-08,0.0008158966091347047,0.9991838746069089,1.4884080404060036e-07
0sJ8TqOLGS,reject,6.196242551916485e-05,0.08131327071882294,0.9182153248325442,0.00040944202311367817
0sU4myabw1,reject,4.004617191859014e-06,0.006122013421903883,0.99387165012918,2.3318317244704634e-06
0sary0UZn5,reject,4.289513597208382e-05,0.13407864340862213,0.8625931222367499,0.003285339218656024
0spR7wDwBh,poster,1.4736292410316437e-06,0.7702368091424281,0.21559705861531683,0.014164658613014056
0sr8bS4S2H,reject,9.389461907907035e-07,0.003955763058190069,0.9960416042506165,1.6937450027104287e-06
0tAXMiSufG,poster,0.001018424590410503,0.891200074632907,0.06443797941576676,0.04334352136091566
0tAn34IkXI,reject,2.641702767354485e-07,0.00418479749136274,0.9958135945932052,1.3437451552614362e-06
0tIiMNNmdm,reject,3.46220585004983e-06,0.05924647603862905,0.9406947273653238,5.533439019714819e-05
0tMcsHsHgQ,reject,1.5347577963090504e-05,0.23238918865022504,0.7660109045490712,0.001584559222740613
0tXmtd0vZG,reject,2.801502940284837e-05,0.04679429977838167,0.9529585118026856,0.00021917338953007077
0uFTqvQhML,reject,5.133594910942554e-06,0.054405208378837985,0.9455419446241577,4.7713402093393875e-05
0uRc3CfJIQ,reject,8.191398097396931e-06,0.10015217367257778,0.8838421086743057,0.015997526255019136
0vKokoPKTo,reject,9.723430600650965e-09,8.241442583892703e-05,0.9999175737784337,2.0722966974140383e-09
0vMLqSdsKW,reject,2.399027505390391e-07,0.0038108925496491254,0.9961863769420684,2.490605532013572e-06
0vtftmYQGV,poster,0.000390504117014931,0.648848197618151,0.3356204551238154,0.015140843141018564
0wQCSXJbwt,reject,1.5907358822791007e-07,0.0035882421124899333,0.9964109074673656,6.913465562772311e-07
0wfmHoKQX6,reject,1.6377693064719394e-05,0.009747191847473911,0.9902222957307022,1.413472875908646e-05
0whx8MhysK,poster,0.004118206564112313,0.8920955458179625,0.020918848530530297,0.08286739908739475
0wmfzWPAFu,poster,0.018242717868623814,0.8361529086059857,0.11314816157692366,0.03245621194846703
0x8wWloW2O,reject,1.406776698806667e-07,0.0005150584798525984,0.9994845353891618,2.654533157792352e-07
0xUEBQV54B,reject,1.4901345463196298e-05,0.05299782458133944,0.9468752607238938,0.00011201334930349055
0y3hGn1wOk,reject,2.095688912598268e-05,0.09815139145322335,0.9015942509820147,0.0002334006756359852
0yTf37PXcH,reject,0.00019245888831805427,0.2839063058587008,0.7129645199633471,0.0029367152896341126
0yVP49SDg0,reject,3.534944503722857e-10,0.00016294754328206296,0.9998370479440991,4.159124420137517e-09
0yXqV8VJKi,reject,0.00021776378046790243,0.3203766348554316,0.6731672505987791,0.006238350765321283
0ydseYDKRi,reject,0.00012332040525801617,0.17837494291518155,0.8177741017770189,0.0037276349025413946
0yvZm2AjUr,spotlight,0.1365930092651374,0.38683743009887567,0.003366809743929565,0.47320275089205743
0zGvf2yRMQ,reject,2.544315733078141e-06,0.03197895399266884,0.9679944928677637,2.4008823834395696e-05
0zRuk3QdiH,reject,0.00021027119149510265,0.08984578810987198,0.908817563276388,0.001126377422244857
0zZEbHLTwf,reject,1.0726455056216352e-08,0.00016446231549061593,0.9998355227276018,4.2304527032839335e-09
0ziGSo4uWp,reject,3.266860774371364e-09,0.0002812494075670899,0.9997187365135752,1.0811996707703154e-08
0zmHFyZwkA,reject,4.215357100497564e-08,0.009625401975984235,0.9903726714141321,1.8844563126183544e-06
107ZsHD8h7,reject,0.00012107603809403077,0.21109273071171314,0.787511624717401,0.0012745685327918497
10DtLPsdro,poster,7.143650021292235e-09,0.9602716321200032,0.03941079604530607,0.0003175646910407112
10JOlFIPjt,spotlight,0.29490047987151763,0.19381287630749766,0.003283620318161543,0.5080030235028232
10kBEqYKKN,reject,2.689398708207252e-12,7.0145892138987785e-06,0.9999929854043255,3.771285202949024e-12
10vaHIOdEe,reject,1.5836847436865083e-06,0.010233193137943505,0.989762090802634,3.132374678808494e-06
11xgiMEI5o,spotlight,0.0354513777265028,0.4740524869880675,0.004382489704014907,0.4861136455814148
12B3jBTL0V,reject,1.2715370069865917e-05,0.1573559420307788,0.8418868302152674,0.0007445123838839468
12gMsxpu4G,reject,1.3232075014242723e-08,0.001496254005721452,0.998503654362744,7.839945957958987e-08
12iSWNLDzj,reject,6.89496697443912e-10,1.8694232769074175e-05,0.9999813049900723,8.766203634702168e-11
13G5KXm98a,reject,0.00012959769097655493,0.10420082445786716,0.8953015088626131,0.000368068988543302
13PclvlVBa,reject,1.2104529917487688e-06,0.015020275437772006,0.9849672137197832,1.1300389452931366e-05
14E7S17hFv,reject,1.0832431688493406e-06,0.00939076213705749,0.9906013072005975,6.847419176203029e-06
14fFV0chUS,poster,0.0062843292023179965,0.7029263473632413,0.03523559058088358,0.2555537328535569
15ASUbzg0N,reject,0.0005445890511101327,0.4589547862404998,0.5334014438738324,0.007099180834557751
15UetYngA7,poster,0.0027409219838669956,0.7121171643912613,0.2421755682494694,0.042966345375402344
15dVqf7VXR,reject,1.6825166837606463e-05,0.018884795020477692,0.9810710190585998,2.7360754084884887e-05
15lk4nBXYb,reject,4.397367222381722e-10,2.506589492857781e-05,0.9999749335328433,1.3249130455623215e-10
16O8GCm8Wn,poster,0.014391950460532855,0.7617662743793647,0.025926268301200147,0.19791550685890225
16kG5aNleS,poster,0.0008385572419798688,0.7955868628487973,0.1520824408945074,0.0514921390147155
1762Fbr4HK,reject,3.6096341057508423e-06,0.009760686133699256,0.9902269421566875,8.762075507536462e-06
17U3nlco2r,reject,3.2204104868280195e-08,0.000445887373965089,0.9995540479377496,3.2484180474807786e-08
17idjbdHVW,reject,2.942894847375077e-07,0.00450323128112029,0.9954950212266013,1.4532027935802466e-06
1959usnw3Z,reject,3.210754172742012e-11,2.2477953288736356e-05,0.9999775219681336,4.647007963414303e-11
19QWQSsbOA,reject,4.52831789911633e-06,0.060828242300435854,0.9391032344308924,6.399495077247853e-05
19ufhreGTj,poster,0.0011530589678687435,0.7587573456426393,0.2223199674774763,0.017769627912015796
1ABhAZCoGr,reject,8.832391480503386e-08,0.00026472665645246705,0.9997351704160986,1.460353412035334e-08
1AYrzmDK4V,reject,5.786161352011445e-07,0.009507088257479281,0.9904852171203271,7.116006058285497e-06
1BdPHbuimc,poster,0.03267262007042655,0.4813172908890059,0.022280860189550483,0.46372922885101725
1BlEVFmqwn,reject,1.91775780754053e-06,0.00762318652476677,0.9923704077507144,4.487966711339075e-06
1CIUkpoata,poster,0.0011836175659054272,0.7781201677703399,0.20168150294147302,0.01901471172228165
1CLzLXSFNn,spotlight,0.27387479581282836,0.3144173177780962,0.005773925314363366,0.40593396109471214
1CRu6bGx25,reject,3.210960366335195e-08,0.0003954098948731034,0.9996045173032884,4.0692234907847597e-08
1CeIRl147S,reject,2.6888916906938846e-08,0.0008988375987155401,0.999101025595321,1.0991704664710781e-07
1D3TjFidCS,reject,2.3667571164288114e-08,0.0001251576949713046,0.9998747943542361,2.4283221560102062e-08
1DEEVAl5QX,reject,3.5921710732156183e-06,0.013345549838802987,0.9866434152295387,7.442760585278796e-06
1DEHVMDBaO,reject,1.1971114336161816e-07,0.00406400566468567,0.9959351905643874,6.840597835661237e-07
1DIdt2YOPw,reject,3.89011470958121e-09,0.0002537779775675769,0.9997462115001556,6.632162175114474e-09
1DVgysiIt7,poster,0.0025833862850034614,0.7681069089386077,0.19450421665778966,0.034805488118599265
1EEst6oDU7,reject,0.00013117586791796268,0.2712577323298196,0.7269236827010837,0.0016874091011788257
1EJIax7ekV,reject,0.00014764144961329427,0.09517517687619367,0.9043170432112114,0.0003601384629814348
1EnpStvBU8,poster,0.000501103759626489,0.7571614223845236,0.23189361734140732,0.010443856514442563
1Euu8FPr3d,reject,1.45696326884544e-05,0.049713285709446095,0.9501759835697217,9.616108814367586e-05
1ExfUpmIW4,poster,0.0012702498627369277,0.8407073488491957,0.1317264080509743,0.02629599323709287
1F8xTfv6ah,reject,2.8778565831468293e-05,0.07512128112786716,0.9246635193513961,0.00018642095490525076
1FY1apsMxc,reject,2.5098890883160673e-09,0.00010815958714557603,0.9998918362597328,1.6432325166371098e-09
1Ffzgglq2I,reject,2.088340553512181e-08,0.0002490427553496676,0.9997509204899517,1.587129298047509e-08
1FiMrJxPAM,reject,1.0893096953914627e-07,0.001056903770679819,0.9989425841897163,4.03108634462999e-07
1GIVx7COef,reject,2.062936110369705e-06,0.002020613329846736,0.9979765662984235,7.574356193379399e-07
1GPN2oa7P7,reject,1.856125537680576e-07,0.005036529800260215,0.9949620508244607,1.2337627254105087e-06
1GTARJhxtq,poster,0.005271302478245144,0.8269896014965004,0.04305503413720999,0.12468406188804446
1H90Gb9rJ9,poster,0.0017399879973151698,0.6498686809310952,0.10303302000383803,0.24535831106775163
1HCN4pjTb4,spotlight,0.13362994259835254,0.19676040144543927,0.0022829860606992155,0.6673266698955089
1HQZ4QFWi8,reject,1.5343935723884545e-08,0.00017631591266315582,0.9998236575766084,1.1166792569039646e-08
1IeCqgULIM,poster,0.00042067923173349917,0.5179508714167553,0.02841801288724189,0.4532104364642694
1Iq1qIsc2s,poster,0.002380021456021639,0.5222020885281627,0.4501865353824806,0.02523135463333499
1Iu2Yte5N6,poster,0.002458105219476107,0.7879282368448894,0.19736226488269146,0.012251393052943137
1Iuw1jcIrf,spotlight,0.1327517708279244,0.34632626429584423,0.00488575451919223,0.5160362103570393
1IuwdOI4Zb,poster,0.0007796777972831581,0.6994919879681972,0.005243553304461366,0.2944847809300581
1IwoEFyErz,poster,0.0004767675713404793,0.7769586175923513,0.21239097828719003,0.0101736365491183
1JgWwOW3EN,reject,2.7996369988632304e-11,0.012902025791228948,0.9870977957716858,1.7840908898541872e-07
1JhSJIYX3p,reject,7.061532638823215e-10,9.938019668530331e-05,0.9999006172559269,1.8412344260364778e-09
1KLBvrYz3V,spotlight,0.09458501231926232,0.28392662644684596,0.0034157721728890035,0.6180725890610027
1KvYxcAihR,reject,5.844781358526167e-05,0.09004184290414251,0.9084106055165267,0.0014891037657455035
1L52bHEL5d,poster,0.0013936541811058656,0.7460118944897961,0.21837974052231804,0.03421471080677989
1L9vdc7BB5,reject,7.738124079694216e-05,0.3163406469223957,0.6808112372078577,0.0027707346289496753
1MHgMGoqsH,reject,6.923297069090182e-10,2.9433385780605483e-05,0.9999705656761746,2.457150153417228e-10
1MjOlHwCE6,reject,6.057953045327229e-11,7.050896975359515e-06,0.9999929490071511,3.529413115471075e-11
1NYhrZynvC,reject,2.2964085751936051e-10,7.381203949651062e-06,0.9999926181491395,4.172697947449984e-10
1NevL7zdHS,poster,0.0015048672496530745,0.781002936536065,0.19992021083385542,0.01757198538042641
1Njl73JKjB,poster,0.020568871430714862,0.7244938089159458,0.026968704365670282,0.22796861528766899
1NkrxqY4jK,reject,5.7018478080883e-06,0.021196618087198808,0.9787522367981424,4.544326685059117e-05
1NprT9Kz0d,poster,0.006290178490823009,0.8183424932087835,0.1459427016855883,0.029424626614805195
1Nwsqw0sTm,reject,3.259198971578732e-05,0.062404644489855804,0.937387585168371,0.00017517835205745516
1OGhJCGdcP,reject,2.7016871477383463e-09,0.00016213833248235844,0.999837855550879,3.414951494988096e-09
1Ogw1SHY3p,poster,0.028406259651993768,0.7195229525458973,0.014436445425428785,0.2376343423766801
1OkVexYLct,reject,2.9667575236255205e-07,0.0012152652431342888,0.9987841937829984,2.4429811494909917e-07
1OyE9IK0kx,reject,2.170165357610121e-08,0.03848088514025076,0.9611283987603824,0.00039069439771319037
1P6AqR6xkF,reject,1.2438467398945622e-06,0.0032061775351491153,0.9967915484108718,1.0302072391903656e-06
1PDz4Ny1N2,poster,5.384603227280775e-05,0.899658823180289,0.08598750109816719,0.014299829689270804
1PZt5nFlzH,reject,2.281788963021138e-06,0.048378710434188135,0.951539830828606,7.917694824278764e-05
1Q2t6D4dK6,reject,7.80902892411143e-06,0.033600259556753304,0.9663421130222638,4.981839205878899e-05
1Qn1pMLYas,reject,1.4626671928618237e-07,0.0011145807368540023,0.9988850131055078,2.598909188706805e-07
1Qpt43cqhg,poster,0.011130650561380911,0.6790850400142298,0.0327278672673671,0.27705644215702224
1Qq62mo8TW,reject,1.2919092822522451e-05,0.005149777942037441,0.9948137262790182,2.3576686121865445e-05
1R5BcYS8EC,poster,0.00843700428648006,0.6993078936407088,0.1826352855847875,0.10961981648802376
1RC3KtP1jT,reject,9.572542883837873e-05,0.3788375182203231,0.6180724120662325,0.0029943442846060387
1RNSYEEpwi,reject,7.406043468049677e-07,0.0022356495365639713,0.9977625318357161,1.0780233732071562e-06
1S7kpbfgq9,reject,2.118135246835684e-05,0.017374577977302214,0.9824385441739515,0.00016569649627796776
1S8ndwxMts,reject,4.77290649090682e-11,2.324346062834228e-05,0.99997675627201,2.1963262260405963e-10
1STZCCI8mn,poster,0.0018905845296745194,0.6393631053367105,0.33843359723327787,0.020312712900337076
1SYUKPeM12,poster,0.0024923253551364377,0.6667770278714886,0.309912372137176,0.02081827463619893
1T6HzuZMCz,reject,6.555415727335354e-09,0.0001146287442863405,0.9998853609045942,3.795703752000061e-09
1TJSnL3ywS,reject,4.924118851016867e-08,0.002551259239423611,0.9974474302482698,1.261271118124331e-06
1TXDtnDIsV,reject,1.1277396812475044e-05,0.0066642234536831374,0.9933161039223675,8.395227136967583e-06
1ThYY28HXg,poster,0.0011960370411251123,0.6498136990912899,0.3206815293245896,0.02830873454299532
1UMxtR9Eb9,reject,0.002958634884329593,0.4228364294433353,0.5550656074308028,0.019139328241532347
1Uem0nAWK0,reject,4.2251725938562653e-07,0.007269603571914993,0.9927271617137639,2.812197061623817e-06
1V28zvLJMg,poster,4.737302979712368e-05,0.6676393176882355,0.3219795992354839,0.010333710046483398
1VwWi6zbxs,reject,7.293180403548391e-05,0.46777926107441065,0.5178998971369534,0.014247909984600496
1W6oINj8ne,reject,3.157550639617374e-10,4.494727169831589e-05,0.999955051815719,5.968274056038455e-10
1X1R7P6yzt,poster,0.01851682342686666,0.7893304984964405,0.04926288514762452,0.14288979292906825
1X85iw7tqY,reject,3.000459644086908e-05,0.1772355830168798,0.8223028707192487,0.00043154166743063774
1Xg4JPPxJ0,poster,0.002319382899810967,0.7977653804997051,0.1723939212330983,0.027521315367385748
1XxNbecjXe,reject,0.00028247020038914614,0.28730434056412174,0.7116102872961978,0.0008029019392912833
1XzTxtezgj,reject,9.474391545042196e-07,0.004590745741326145,0.9954059363013108,2.3705182087080225e-06
1Y5hMMuCFU,reject,0.00010343314209007606,0.11009588723668748,0.8892267285295132,0.000573951091709228
1YTF7Try7H,reject,1.5228566717446197e-07,0.09015192738312658,0.9092110860117871,0.000636834319419045
1YXkDXIqVw,reject,1.9744532345800494e-07,0.0009684684041279734,0.9990311688192522,1.653312962723037e-07
1YYp1rPRlm,poster,0.00040987494408691483,0.675912927496182,0.317085122708615,0.006592074851115979
1YZw3RK2kg,reject,8.669673146399078e-08,0.0008960525570464202,0.9991037506701591,1.1007606290839569e-07
1YlfHUVq7q,reject,7.004658977768632e-05,0.1090066654398591,0.8883618109537192,0.002561477016643995
1Z3C49JQVf,poster,0.0009097953002060124,0.5464840733483066,0.431327276746354,0.02127885460513338
1Z6PSw7OL8,poster,0.002086992240505959,0.8494845649436131,0.07272222709784079,0.07570621571804002
1ZAqAmK6BM,reject,4.764458598124132e-06,0.06779247289189286,0.9320074244109253,0.0001953382385837718
1aF2D2CPHi,spotlight,0.08711578155724757,0.29735738653853017,0.004131662028734602,0.6113951698754876
1auB9yeB9a,reject,1.2445881396016297e-05,0.25420922939704255,0.7450902653340786,0.000688059387482921
1c73HCZpbo,reject,1.097464796479419e-08,0.0011667170943373067,0.9988331526929036,1.1923811105231564e-07
1cM0yQe3pO,reject,9.32778842920263e-06,0.14614090151186135,0.8535988121837238,0.00025095851598560187
1ctV3yry3B,reject,3.854892633456665e-09,4.903285693858374e-05,0.9999509612364792,2.0516896240440847e-09
1d8Egv45of,reject,0.0001648281754074686,0.20678914192626963,0.7920190777967321,0.0010269521015907853
1dDxMPJy4i,reject,5.814935211684514e-09,5.129942014516197e-05,0.9999486886352033,6.129716380691082e-09
1dUdNzLJRF,reject,0.00016063189272309732,0.2553752555257543,0.743156244250579,0.0013078683309436909
1dkL3MVBfV,reject,1.3729368057680291e-05,0.07211604120571755,0.9272989740936007,0.0005712553326239269
1dkVCX4jlH,reject,0.0004848739817154746,0.32843223180253683,0.6693347592794666,0.0017481349362810869
1durmugh3I,poster,0.01571929128240737,0.7732664895545536,0.016483170337136473,0.19453104882590264
1e5fX6X44w,reject,3.508956548673817e-05,0.4942636425598115,0.5033040874186748,0.0023971804560268864
1eI236MqEA,reject,7.686988211848227e-07,0.013861433694666222,0.9861318570209253,5.9405855872313915e-06
1eMbYu0841,reject,2.0284142754179876e-08,0.0006876345002802554,0.9993123158766889,2.9338888073987613e-08
1eQT9OzfNQ,poster,0.009591287205219467,0.6369042977353568,0.021154764710760422,0.3323496503486633
1ebgtm7P10,reject,1.2322004321524963e-06,0.002649301080172647,0.9973480605892833,1.4061301119107506e-06
1epaSm9QRs,reject,1.168204241045988e-06,0.0022401752730358657,0.9977569491470087,1.7073757144085758e-06
1fC4ytCAgb,reject,2.8376628587290623e-07,0.0011232817471387448,0.998876165477753,2.6900882230251757e-07
1fwZJzGdKj,reject,0.0014084033450675205,0.3612179526920985,0.6300056355001921,0.007368008462642021
1g4s7ME93g,reject,3.711528955678627e-06,0.0445149130458616,0.9554178286556244,6.354676955828232e-05
1gqR7yEqnP,reject,9.96386210577045e-11,5.715402705242627e-06,0.9999942844461157,5.1540405506114036e-11
1hQKHHUsMx,poster,0.02102343161358336,0.7163186850804235,0.046743994075870404,0.21591388923012286
1hT2fsHbK9,reject,6.9392112984776416e-06,0.03324556594986212,0.9667092673190884,3.822751975127318e-05
1i6lkavJ94,poster,0.00039416034020574997,0.6862281048478553,0.27347314858908756,0.039904586222851444
1iuaxjssVp,spotlight,0.17162780004942677,0.37183755751296627,0.02010430655362177,0.4364303358839852
1jcnvghayD,poster,0.014398080867352581,0.6751015502860555,0.026696021600806603,0.2838043472457854
1kFDrYCuSu,poster,0.005397692486510133,0.8205322451897422,0.0608217522219428,0.11324831010180496
1kMTJnqmyl,reject,7.234934217192051e-05,0.051640005756381634,0.9480355580519311,0.0002520868495154133
1lB5ErmIY0,reject,0.0006828522367976437,0.24711085910564268,0.7513835892816996,0.0008226993758601102
1lFZusYFHq,poster,0.0033350355093619394,0.7678269201019313,0.15714336721084615,0.07169467717786049
1mMjZvEhwH,reject,1.0819271848353114e-09,0.0001929374635925646,0.9998070558031131,5.651367146354744e-09
1mXufFuv95,poster,0.02334505457894751,0.5482774279123156,0.024539689739939127,0.4038378277687978
1nHQRsb3Ze,reject,1.3584087431087104e-06,0.005480695515141769,0.9945151656133366,2.780462778403657e-06
1o3fKLQPRA,reject,2.8141047432762493e-07,0.00222741733284544,0.9977717614178505,5.398388297599273e-07
1oIXRWK2WO,reject,6.070436858061921e-07,0.005271660238849322,0.9947263087553022,1.4239621627395477e-06
1olDGAXncb,reject,2.144301356006123e-10,3.203588553081775e-05,0.9999679637502733,1.4976585648997984e-10
1ou5noWgHM,reject,7.540545252573e-05,0.3352567759225344,0.6638226246277312,0.0008451939972086278
1p6xFLBU4J,poster,0.003463956571386846,0.7372568801465806,0.24914506988740204,0.010134093394630348
1pXzC30ry5,spotlight,0.020092362143976743,0.4660821905412347,0.0037175613954387125,0.51010788591935
1poUSIGSCI,reject,1.2919092822522451e-05,0.005149777942037441,0.9948137262790182,2.3576686121865445e-05
1qGkuxI9UX,poster,0.022856543236933084,0.7221897409769147,0.20183157324764672,0.05312214253850537
1qP3lsatCR,poster,0.022064223336713935,0.5629156729486383,0.007414828361279766,0.407605275353368
1qbZekXGrp,poster,0.003308725745079702,0.8283709734302879,0.06468398672225867,0.10363631410237391
1qgZXeMTTU,poster,1.2413107040137909e-05,0.906337053432368,0.0875452977780166,0.006105235682575059
1qq1QJKM5q,poster,0.0007088656309669787,0.5173013918958548,0.46190692829978547,0.020082814173392825
1rg56KzwsS,reject,3.398595778598412e-07,0.007227840800808505,0.9927672584285158,4.560911097900891e-06
1t1YSuBv3T,reject,4.751657721720529e-06,0.014937234151659325,0.985040829309153,1.7184881466096064e-05
1tBvzOYTLF,reject,0.000675889111846322,0.39841341061816177,0.5924028354440226,0.008507864825969295
1tZLONFMjm,reject,1.8035816411741208e-08,0.0006644496586255682,0.9993354671998557,6.510570238041596e-08
1uLW9eYNJB,poster,0.021024905801245324,0.8505533139659441,0.05022466272472539,0.07819711750808506
1upXwlEW8y,reject,0.001604117262533117,0.247223548903635,0.7407862206426159,0.010386113191215851
1v7SRWsYve,poster,0.001127705286145237,0.7363695320139103,0.2110286794040967,0.051474083295847815
1vggIT5vvj,poster,0.0016600876242963529,0.8751429045888013,0.04085307615180719,0.08234393163509529
1vjMuNJ2Ik,reject,3.730650782831556e-08,0.0005689507090284713,0.999430939445056,7.253940782225952e-08
1vrpdV9U3i,poster,0.02682598236191536,0.8902541649542641,0.04550678741260646,0.03741306527121402
1wRXUROlzY,reject,1.7168643737415205e-06,0.011024229901223996,0.9889661213332767,7.93190112552181e-06
1waeKNeQzG,reject,5.7397473219522805e-05,0.19391072443885102,0.8054279465096977,0.0006039315782316177
1x1gGg49jr,poster,0.007164525665865662,0.8083601329292094,0.028502914311240076,0.15597242709368486
1xG3MN1RRW,poster,9.085790830263975e-06,0.5059884460298614,0.4928336973586701,0.0011687708206381524
1xzqz73hvL,poster,0.011984598410271944,0.7923356325566294,0.031902024218348604,0.16377774481475
1yJ3IDpb1D,reject,2.405423760060659e-08,0.0010521263652646298,0.9989477500088596,9.95716381112866e-08
1yJP5TVWih,poster,0.003449997697068915,0.7790405047371016,0.15928393027022839,0.05822556729560101
1ymGFnxfVB,reject,5.195367379084252e-06,0.01714949983223119,0.9828299568258425,1.5347974547303835e-05
1z3SOCwst9,poster,0.008657034172730636,0.764544055710808,0.07543764739418445,0.15136126272227693
1zDOkoZAtl,reject,9.258859635310364e-09,0.0005791412028910635,0.9994207971359584,5.240229088898936e-08
1zgil8py5o,reject,3.904021943461361e-05,0.04538013115512199,0.9544467153319615,0.00013411329348206793
1ziPqVsDLc,reject,3.973138435479497e-05,0.2348385529207596,0.7637902201767276,0.001331495518158026
1zuJZ1jGvT,reject,1.4842360780384148e-06,0.10276432201332454,0.8964200091449216,0.0008141846056757976
204sPiwBbB,reject,0.00011090754303772771,0.09409288221612941,0.9046695890731744,0.0011266211676585504
20mMK8UlFh,reject,2.855161101874692e-06,0.006196251891929261,0.9937974861257683,3.406821200491915e-06
20qZK2T7fa,poster,0.023721350673994338,0.7704527644569743,0.1324176329314871,0.07340825193754426
21rSeWJHPF,poster,0.00010430109942792147,0.7030752700818336,0.2831526095010147,0.013667819317723984
