id,pred_status,proba_oral,proba_poster,proba_reject,proba_spotlight
00F7BfXLYJ,reject,0.0012154577122325157,0.06893525192644506,0.9270044112090947,0.002844879152227772
00HNN8O7Ni,reject,0.0005580846140062261,0.008365086721853892,0.990121955715252,0.0009548729488879821
00UQtHqB2k,reject,0.0005806924194612757,0.012868355102380519,0.985613045979402,0.0009379064987561021
017F77AYeQ,reject,0.0005785812467983501,0.007151980608140434,0.9913453217050029,0.0009241164400583415
023yMrtHQP,reject,0.001441809365187028,0.07386974096507468,0.9210511859153001,0.0036372637544381118
02NbD16OnA,reject,0.0022746970589412004,0.27357792440148493,0.7179878666080614,0.006159511931512465
02cEkpURXH,reject,0.000623472162798613,0.013513443570196517,0.9847341290879973,0.0011289551790075523
02mBAZjFzp,reject,0.0023771460812614686,0.2986057199982992,0.6929071759254221,0.0061099579950172865
02mgFnnfqG,poster,0.02457386418092634,0.7337798272491903,0.09722299051033001,0.14442331805955327
032sg6mGp9,poster,0.0022700453756573204,0.6651856827206114,0.32464851872183875,0.007895753181892647
03Ek1qDZmI,reject,0.0007714322197141324,0.01818231678143374,0.9795169023855403,0.0015293486133116955
03MfCNn3pF,reject,0.000680977491762821,0.015785577562782843,0.9823590554534054,0.0011743894920488351
03QzvMzxVM,reject,0.0008723694407404876,0.01865532103452191,0.9786325082500664,0.0018398012746713337
03ccrSpjOx,reject,0.001992443017751603,0.28443555350188043,0.7071711249832299,0.006400878497138227
03fFxN6Orj,reject,0.0008769629980552589,0.012798240871973374,0.9848098552726373,0.0015149408573339824
03jzVlLxEe,poster,0.0026740381460496824,0.5962375810086987,0.393711059339263,0.007377321505988599
03qTI3NKqi,reject,0.0014180300063767809,0.07360622086607904,0.9216430231504779,0.003332725977066441
03u504EDJp,reject,0.0005443724741083838,0.007952804759515975,0.9906220986185953,0.000880724147780263
040ClRXMf3,poster,0.06070557417640139,0.6761400676409058,0.09860221620283778,0.16455214197985502
04HwYGgp2w,poster,0.04616987875599314,0.5674356689627292,0.052191683050422044,0.3342027692308557
04JkPDiCnp,reject,0.0008701294373905741,0.01637002999323697,0.9812851599859393,0.001474680583433029
04Tfwy3LLC,poster,0.0030804027610250835,0.6458612564944671,0.3406889093904245,0.010369431354083164
04h40hEgTj,reject,0.0017325045994768917,0.18378907572541928,0.8103801679939909,0.004098251681112813
053vZMxDB5,reject,0.003000525737993355,0.42077638459393324,0.5679184409945923,0.008304648673481164
05NHmcEpNk,spotlight,0.2220079606206582,0.22419264677541692,0.05127320280589513,0.5025261897980298
05PqjBzN6S,reject,0.0014247722336691887,0.03775062134999188,0.9582159943495987,0.0026086120667402958
05SHW9ai9e,reject,0.0008293948225328283,0.01778405458473584,0.9798218547854864,0.0015646958072447466
05THHF0w3y,reject,0.0006185351986549678,0.008210541063561562,0.9902788618326992,0.0008920619050843041
05hNleYOcG,reject,0.0005085527500975931,0.00658589391292587,0.9921305798735459,0.0007749734634307698
05pfP2khzx,reject,0.0005260848090332181,0.006520361517703338,0.9921837944375927,0.0007697592356707139
05uq3XUJaT,reject,0.0005114186134879505,0.006281726082164926,0.9924772994850807,0.0007295558192663945
0694m9ixnv,reject,0.000840261524902605,0.0431297514810689,0.9539762988309685,0.0020536881630600634
06I7jcrkW2,poster,0.025833557191039278,0.7165412456663658,0.09727200013053493,0.16035319701205983
06bDxmgdE0,reject,0.0006474853012908942,0.01341857466253284,0.9847308791173628,0.0012030609188136419
06upBSlAUy,reject,0.003304513484890585,0.46201876082209525,0.5261800849668372,0.008496640726177004
072P11r1wu,reject,0.0021344748250361387,0.017367498538938396,0.9772024766689027,0.0032955499671228797
073WQjmWKU,poster,0.009587397076268947,0.836966616922726,0.12142847670425443,0.032017509296750526
075TvkpZEK,reject,0.0013328524101974132,0.07976274148854945,0.9156683951011115,0.003236011000141531
07R3pHnBqc,reject,0.0008491409910630825,0.009431817101698669,0.9885840544529246,0.0011349874543136157
07S1CPoQYP,reject,0.0005760910502669636,0.008330887877802565,0.9902016336580594,0.0008913874138711146
07o2iouN1Y,reject,0.0007487396783103134,0.015908302142956427,0.9820371384263676,0.0013058197523655422
084SvT55yk,spotlight,0.2688278443283236,0.15165017841767783,0.08151120381699997,0.4980107734369986
08EyZzhgl1,reject,0.0006210953457078454,0.007446874146036326,0.9910504765118076,0.0008815539964483344
08FTG45E9m,reject,0.0009700249902445144,0.01855698232572873,0.9787814170446038,0.0016915756394230758
08KOxSjRyj,reject,0.0007164564823080322,0.00896733011521368,0.98923334329645,0.0010828701060283403
08pxmTLKTT,reject,0.0009955108082977254,0.039588826938950855,0.9573397952350926,0.0020758670176587875
08tuDzMDEn,reject,0.002678870999749701,0.3216341318569995,0.6681744901848475,0.007512506958403311
09FE8nv4sV,reject,0.0033686961137861034,0.32670744152980086,0.6621729287202587,0.007750933636154454
09Nj40ScvC,reject,0.0007955731818261966,0.03771487017674834,0.9597193517926387,0.0017702048487869301
09YSBymX6O,poster,0.01840224852127876,0.7785993361226259,0.11096338951750657,0.09203502583858875
09lmwhDqZ3,poster,0.003844846516261162,0.8290016986824869,0.15347413953268915,0.013679315268562869
0A2rXt5SAy,reject,0.0010439885948034134,0.04063292164248837,0.9562774267154152,0.002045663047292869
0A3qzLmRHd,reject,0.000803741653324047,0.012641865410476023,0.9852826200463319,0.0012717728898680837
0A4Uf88pog,reject,0.00207814799159916,0.313439729476112,0.6791807510221795,0.005301371510109382
0A4iQqwwLG,reject,0.0008513134000536942,0.023196079439118895,0.9742351735375187,0.0017174336233087774
0ACUx9pMWJ,poster,0.0037787869281220195,0.6480352434162233,0.3361548200630572,0.01203114959259747
0Af7UiJISU,poster,0.0026935213144950463,0.8047013355683368,0.18438383438257208,0.008221308734596285
0B5K9pIdSK,reject,0.0021633870246989197,0.2534559919313578,0.7394386601865909,0.004941960857352455
0BD2dCM4Ig,reject,0.0006443528741001117,0.008104734191856837,0.9901409556950923,0.0011099572389506732
0BWu7DLuIU,reject,0.0006115387818785038,0.00845546119065736,0.9899181131635865,0.0010148868638776725
0BhjNjxpaC,poster,0.0077421713914316076,0.7543431372652297,0.21609198193893442,0.021822709404404395
0BkvUY61MX,poster,0.009743402203284304,0.7864260615951448,0.16846419468578064,0.03536634151579033
0CQnhxpE7w,poster,0.0071547423454985095,0.6776061425799137,0.29065987632006623,0.024579238754521567
0CXjpAxHUE,spotlight,0.1418273179226353,0.239036175447521,0.05941850272250045,0.5597180039073433
0CZAimzcVr,poster,0.007770693214071954,0.8792904745468072,0.0819555143294773,0.030983317909643524
0CajQNVKyB,poster,0.014698399803542853,0.7871669433198722,0.0820378611766899,0.11609679569989499
0Cv0whP7l8,poster,0.005257793934690768,0.6640508599218469,0.3154304140904923,0.015260932052970114
0Cv9PwL7cI,poster,0.0045221804404263774,0.6883299628383015,0.2906307837547368,0.016517072966535287
0DaB4jeGaf,reject,0.0024077933130263163,0.3669586615207433,0.6240316588065896,0.006601886359640767
0DekoBl3te,reject,0.0015768019190252512,0.060042833999676685,0.9351968169305201,0.00318354715077777
0Dhpt9aY3n,poster,0.011026652516601303,0.8759376845866815,0.0745660713675103,0.03846959152920693
0DqB1vxGTn,reject,0.0005728038042081419,0.01234767521633374,0.9861728907140709,0.0009066302653870878
0EV92jgJaZ,reject,0.0009416004473413445,0.016312884566543725,0.9812925522262228,0.0014529627598920869
0EXuliYnfW,reject,0.0011927925046777278,0.05545213571618312,0.9406338434222438,0.002721228356895305
0FH7ceYzCq,poster,0.007154431978716154,0.6415215597865991,0.3270786759205521,0.024245332314132742
0FJYicpOj0,poster,0.02311957401092445,0.7478444336533142,0.10124607715465174,0.1277899151811097
0FN0u6qTAi,reject,0.0010438900228913182,0.048647346093909374,0.9478558410246029,0.002452922858596561
0Fc9yLlIYX,reject,0.0008065008028172509,0.008250272366204224,0.9897423879524461,0.0012008388785324665
0FhrtdKLtD,poster,0.00300604711451314,0.7312995328277014,0.256918810119363,0.00877560993842255
0G8Cq9z2Hp,reject,0.0027098835691213587,0.44589390297056175,0.5445528701908285,0.006843343269488445
0GMt2OWeCb,reject,0.0005509004966543222,0.007898358110270292,0.9907046542207905,0.0008460871722849303
0GNBqoYcAP,reject,0.0029509774359475706,0.38444675835165704,0.6049273027378542,0.0076749614745410585
0GaCfBRFnf,poster,0.023831262100922932,0.7396794776795,0.08164047307017563,0.15484878714940153
0GdjEJCHOE,reject,0.0006744137467429608,0.00952110975082656,0.9886766119885144,0.0011278645139160184
0GjORP5Duq,reject,0.0018093742952967156,0.18930328194973914,0.8039001528569636,0.0049871908980005505
0GlStRq4Xw,reject,0.0018070825972909797,0.06324094647625647,0.9306547320138358,0.0042972389126166325
0GpolO2auw,poster,0.018458233818874577,0.7154098465667736,0.12571530836831868,0.14041661124603314
0H5iD4he7R,reject,0.001594120521318529,0.0833694871995384,0.9118866049976682,0.0031497872814749157
0HcqZkv1zs,poster,0.003545808820919261,0.5554344980867653,0.42963101420305994,0.011388678889255441
0I2N8KxOAo,reject,0.0006495189272349086,0.01085138299034964,0.9874458967609042,0.0010532013215113628
0IFqBfX7Ak,reject,0.0010665254327460302,0.04306837665246327,0.9536293909545938,0.0022357069601969793
0IN8RiFbmg,reject,0.0007074856476487257,0.007007040709792912,0.9912129861485058,0.0010724874940525623
0IWZjbMmry,reject,0.0005097108170696433,0.006242670352875692,0.9924569917892528,0.0007906270408018034
0IceiDrfxI,reject,0.000627923663907229,0.018887377430408765,0.9790614299965156,0.0014232689091683872
0Iw52EDu82,reject,0.001357733632800672,0.1758319780618009,0.8189804764119135,0.003829811893484994
0IwSQsqMU9,poster,0.01463722324598391,0.6669522494209729,0.28199601468413854,0.03641451264890465
0JLUFJMo5p,reject,0.0006904724648163719,0.0073302219485044855,0.9909739208197884,0.0010053847668906213
0JWhSwwXak,poster,0.002113217325996089,0.6769096649310095,0.3137026524830301,0.007274465259964265
0JYtXNl7ns,reject,0.0005015610055088415,0.006566854617481143,0.9921657523251501,0.0007658320518600022
0JayjvOKxt,reject,0.001031300316128975,0.05101957395055842,0.9454052325289075,0.0025438932044051987
0JfUjV1uIS,poster,0.009306078225095759,0.7128962549112678,0.23965165208409486,0.038146014779541576
0Jfa6ZkQLU,reject,0.0005422111479737822,0.0076012103030306845,0.9910359341708053,0.0008206443781903271
0K4jNe8ik9,reject,0.0006704838510233916,0.006683562002520806,0.9917286370987431,0.0009173170477126556
0KFQ4F9YEH,reject,0.001286674961751995,0.044988569828119565,0.9512260999553368,0.002498655254791704
0KXI6lDM9C,poster,0.007954344075934261,0.800028996866314,0.16634522219297265,0.025671436864778952
0KeKeXK8Hv,reject,0.0009969735730160204,0.051352671953944405,0.9453361832283895,0.0023141712446500423
0KiCONP0xD,poster,0.0032922547063169464,0.8051061121161597,0.17926785573623547,0.012333777441287833
0L4RWQV8Qa,reject,0.0005372892016736197,0.006490647712908911,0.9921448650464751,0.0008271980389422813
0L54sroHRw,reject,0.0006750090157936847,0.015356947653965627,0.9826605806837837,0.0013074626464570302
0LwWImlpCP,reject,0.0016606494017386885,0.06205558006468251,0.9325355879660235,0.0037481825675552537
0M6BfcAVMW,reject,0.0007975180497971727,0.016518914494896186,0.9814197693607019,0.0012637980946046774
0MUrJkJYnP,reject,0.0005038574832061497,0.0071405405105163895,0.9915861895052084,0.0007694125010690753
0MccwbLvgw,reject,0.0006686965928715593,0.014290510776198759,0.9837241120140182,0.001316680616911377
0MeCArRu5K,reject,0.0007554741195724156,0.013956066013711023,0.9840428723851581,0.0012455874815584856
0NC4Y1sYrz,reject,0.0008496176827686863,0.03254601329992715,0.9646606521246552,0.0019437168926487896
0NSEOBzGdA,reject,0.0005917827524067313,0.007355435558006463,0.9911662045709392,0.0008865771186477309
0NZW7VlySR,reject,0.0008033980168341743,0.01583879851936079,0.9819166248963477,0.0014411785674574888
0NkXZ98BjJ,poster,0.027083124574430982,0.7049284687661332,0.10143480463652145,0.16655360202291447
0O2gyI9Tt2,reject,0.002154203117279616,0.21619763110440202,0.7764088648383614,0.0052393009399571274
0O6Xj6ljIN,poster,0.012453621536350571,0.7870855614070938,0.10748008255036577,0.09298073450618981
0OENkI0UgR,reject,0.0013075178721166586,0.082675603162284,0.91254387513124,0.0034730038343593135
0ON2NUoL0C,reject,0.0006911685865123561,0.01504565975139217,0.9829580240768693,0.0013051475852261486
0OUkySEAf0,reject,0.000746914214313147,0.014749453641647476,0.9832119468622097,0.0012916852818296478
0OgcBivkr5,reject,0.0006202231504056477,0.007327076673642156,0.9910431092071295,0.001009590968822622
0Olva8f90o,reject,0.0014109998997531086,0.05367896721887433,0.9414429724100363,0.003467060471336382
0Ow7PTK0Qj,reject,0.0014213412426809663,0.054282757274282514,0.9412594830444406,0.003036418438595984
0OxJ4mzaHB,reject,0.0028469577335653307,0.10206941325824923,0.889662539500786,0.0054210895073994216
0PCoryeZwb,reject,0.0006133921523490645,0.006931732805737639,0.9915431220693784,0.000911752972534682
0PYmHSugcj,reject,0.0004977316189103581,0.006240932446797133,0.9925705973246802,0.0006907386096122227
0Q9zbF9cgQ,reject,0.0008010726548230583,0.009831700251661898,0.9881957206228021,0.0011715064707129481
0QIGCysJ1K,reject,0.0012260165881640547,0.05168696658518667,0.9441214597848909,0.0029655570417583027
0QNm991Py5,reject,0.0005565808822525286,0.007098225569886848,0.9916084878492689,0.0007367056985917767
0QPXvKE4SV,reject,0.0010481076003549588,0.027235117505319203,0.9700448461802496,0.0016719287140763528
0QTiRsosTz,reject,0.0010254181732553575,0.045620388704192556,0.9507670758800808,0.0025871172424712374
0R06BghLJX,poster,0.009344249711329331,0.8477646929125348,0.11185156013490094,0.03103949724123488
0R6HLWvWYk,reject,0.0014491277394582513,0.08725045311563813,0.9079358689414736,0.003364550203430116
0RYazbfSzW,poster,0.005829160105805937,0.9080583553000452,0.06110187912737718,0.025010605466771613
0RdAmwfVku,poster,0.008457987407725883,0.6700058949833179,0.29361831703328956,0.027917800575666746
0RkLOTVFvW,reject,0.0014972606729551613,0.07498016383492556,0.9204679686334724,0.003054606858647013
0Rn9oMU6g9,reject,0.0010449989093161151,0.02583587197775424,0.9709134385307895,0.002205690582140229
0SNfofDIRF,poster,0.0033070762641001414,0.7097244876026911,0.2766964519162034,0.010271984217005274
0SSKmVjj8O,reject,0.0014539606364929786,0.06344250392129451,0.9317240990779448,0.0033794363642674764
0ST7MDmzPL,reject,0.0004937865884805438,0.006192627878133247,0.9925745214792705,0.0007390640541158475
0Sex2H5Jnn,poster,0.007855270068409696,0.9097853289972353,0.05566175215846357,0.026697648775891494
0TAFiyHgEl,poster,0.003544135052361204,0.64478350050304,0.34213650476280577,0.009535859681793163
0TNomhjCCi,reject,0.0006949230702257505,0.008283594352681207,0.9900568204753054,0.0009646621017876751
0TPKIbihMF,reject,0.0009772288104870847,0.015510520050896542,0.9820403452294617,0.0014719059091546796
0TV81QK0l8,poster,0.0028747740264879187,0.6133972165816367,0.37591933582772835,0.007808673564146912
0TXnU2Jtah,reject,0.0008687078337401375,0.043983020941450734,0.9532059494796508,0.0019423217451583128
0TkMmzQdwd,poster,0.008337527677799014,0.8166169044948166,0.15171765643907073,0.023327911388313704
0TmVqOpBbK,spotlight,0.08489156657468618,0.3588384135077078,0.08898207753992804,0.4672879423776781
0UGzn67W28,reject,0.00047470192214154645,0.007595148067648084,0.991223058564161,0.0007070914460493573
0UMXSQOmDY,reject,0.0006821516080306703,0.004893936409074275,0.993495264553918,0.0009286474289769283
0UNKgsDFPo,poster,0.0032777023117577975,0.7892806176410608,0.19644711876493387,0.010994561282247467
0USd4azknv,reject,0.0008926297873971456,0.03192305752777744,0.9652145794107524,0.0019697332740729826
0UvgQxsi7S,poster,0.004840350991120002,0.6481648028483141,0.3333956284896703,0.013599217670895636
0V0bQi24YC,reject,0.0015292862344317688,0.16516114232742943,0.8290567284509665,0.004252842987172307
0V5a5R7YAy,reject,0.0006719210154095238,0.020305257258806046,0.9776840207995668,0.0013388009262175204
0VVdai71xb,poster,0.013973104846076034,0.7341957644068657,0.20636385630139722,0.04546727444566113
0Vf5trUAVF,poster,0.0033205084244375305,0.6349988673219822,0.35066392020509396,0.011016704048486283
0WGl8PNMSA,reject,0.0020211096342690493,0.3010012521176337,0.6892536923610515,0.007723945887045775
0WHpOekph0,poster,0.006365110809452374,0.6842863351099925,0.2906713785989422,0.018677175481612945
0WIK9iv2eY,poster,0.0028840883496177444,0.5627480928983373,0.42559561609982394,0.008772202652221095
0WWEF8L7XA,reject,0.0010437612430569657,0.010848223235963041,0.9865920855116177,0.0015159300093623305
0WdN7pFCja,reject,0.0004933504328267487,0.007363201942762776,0.9913076193088374,0.0008358283155729207
0WqEHE3Zyb,reject,0.0006726535095222586,0.015990723002770643,0.9821486113374445,0.0011880121502626803
0X5moS8KSm,poster,0.006199112752252497,0.645541821671039,0.3305799412920141,0.017679124284694387
0XIsA0PxJM,reject,0.0020508314600560106,0.057542756892599474,0.9362789334129891,0.004127478234355462
0XP33CRtQF,reject,0.0012475035562021235,0.05733567076145025,0.9385126660476112,0.0029041596347365584
0XQSa9CjR7,reject,0.0006821516080306703,0.004893936409074275,0.993495264553918,0.0009286474289769283
0XhWusHpLq,reject,0.0015084514555935625,0.11537237227679624,0.8791023493818767,0.004016826885733482
0Xi3WDwd5w,spotlight,0.15367959368560802,0.2713490208079973,0.04284381023818138,0.5321275752682133
0XiGLcOpLK,reject,0.000720216723496782,0.012327118577896532,0.9857841085575092,0.0011685561410974075
0XjUSPBVfW,reject,0.0018340248722552854,0.05049565800334005,0.9436733115393523,0.003997005585052382
0Xw9Fg6Occ,reject,0.0006150908263818472,0.018949146712966547,0.9791374721048288,0.0012982903558228286
0Y3iz0DHF6,reject,0.0008875879560646348,0.020768418904900735,0.9764436833668846,0.0019003097721502103
0YDUJznwtX,reject,0.0006689599369467914,0.00754719541907413,0.9907785354924544,0.0010053091515248149
0YRVlxY9BH,poster,0.003040469189195155,0.7628807578926008,0.22387128271434997,0.010207490203854034
0YV1iyqz16,reject,0.0006970340212540884,0.017397391196679685,0.9806485761229989,0.0012569986590673105
0YVqQY1Udx,reject,0.0010353908227573058,0.026236778299174646,0.9707961267360271,0.0019317041420409747
0YjO70etNj,reject,0.001723041605137806,0.1733410819671464,0.8206275118195545,0.004308364608161308
0Z2l4XtTdz,poster,0.003402638284745643,0.5060135087075613,0.48235073629463365,0.008233116713059378
0Z7KBFCfUB,reject,0.000583418655678215,0.005801341192328478,0.992680101110048,0.0009351390419453506
0Z9DZtIZI7,reject,0.0005318918878067709,0.006224951871536275,0.992511201317066,0.0007319549235907199
0ZKCN8VJdr,reject,0.0030189403697718433,0.06981385510198494,0.9227159750750407,0.004451229453202658
0ZRne2Nt8t,reject,0.0006237870011325118,0.00740989303309066,0.9909391923546913,0.0010271276110855232
0ZSLZWAmWo,reject,0.0005028289453509715,0.006733786112919265,0.9919439393305209,0.0008194456112088595
0ZYMrRCdBc,reject,0.0008938657255575839,0.021770642988492794,0.9754427306104734,0.0018927606754762516
0ZkWWxcHKV,poster,0.00663194215955408,0.8222878876847577,0.1510284326788921,0.020051737476796103
0ZnEzvSLNR,reject,0.001726585002365288,0.08847711954477229,0.9065163589080035,0.0032799365448589126
0a4dA6eUHN,poster,0.004188645291099535,0.6483850989131207,0.3307823485364728,0.01664390725930705
0a6WXyNxBG,reject,0.000801975313796346,0.01662429242205901,0.9808221940897792,0.001751538174365419
0aAfZ4tfPj,reject,0.0009559405765128973,0.01893024894965691,0.9783326269026621,0.0017811835711681167
0aBAAS0rRT,poster,0.004218253328821774,0.8110751193793247,0.16736630697125865,0.017340320320594838
0aEhB0XqMH,reject,0.0006755580897921862,0.008269125812796915,0.9900457104377112,0.0010096056596996027
0aNfWttgHd,reject,0.0010880192047017468,0.049351874364120224,0.9472892737854431,0.0022708326457347655
0aPIVJUz5T,poster,0.005617866005525393,0.8317048352045827,0.14208245001748118,0.020594848772410686
0aTSKdkC2s,reject,0.0006821516080306703,0.004893936409074275,0.993495264553918,0.0009286474289769283
0aj9su59IG,poster,0.0029690944256391626,0.6798582610681483,0.30611158066609306,0.011061063840119427
0apbqOrxV8,reject,0.0012637037166080254,0.05798387837607691,0.9379262746240399,0.0028261432832752354
0b6a2SE23v,poster,0.02492109421193528,0.733523683833428,0.11160018363626757,0.12995503831836916
0bGqD9hEcB,reject,0.0015443758065853705,0.17654867390460782,0.818095559811225,0.0038113904775817957
0bPrfRIwPI,reject,0.0010846771923255004,0.06707529956591457,0.9292226382467121,0.0026173849950478496
0bgCa3XAnT,reject,0.0027100783806073892,0.3027639033702888,0.6887174147978022,0.005808603451301457
0blfYtdJES,poster,0.023729017712058063,0.7220097432388632,0.12115780043083874,0.13310343861823978
0bvYEPH1O5,reject,0.0006416370529407837,0.01834000635238799,0.979657168450798,0.0013611881438732355
0bwjkwSTuk,reject,0.0006125208122548135,0.012097094212023292,0.9862004809356426,0.0010899040400792622
0bxjCu1trd,reject,0.0018708595709093655,0.07087961516314684,0.9232178012302932,0.0040317240356504795
0c7nAZjyr5,poster,0.005876400405705427,0.715969773288889,0.2563373384171401,0.021816487888265394
0c9AtxLj3T,reject,0.000844351792577637,0.02198929814260088,0.9754726343102154,0.001693715754606251
0cBlhTTHfx,reject,0.0005071142900385775,0.007479175652078996,0.9912455386452069,0.0007681714126754528
0cKUfYFeaf,reject,0.0006304454840436568,0.015021780386217279,0.983233571230384,0.0011142028993549906
0cbUKCyBsH,reject,0.0006873864737557427,0.01660189653307842,0.981370204898637,0.00134051209452887
0cdXElXkk6,reject,0.0008394890608052176,0.020841000984005237,0.9762715371564981,0.002047972798691601
0cmuYj3WeG,poster,0.004721318999850069,0.8367766351130451,0.14407092356831022,0.014431122318794485
0crU7lZV8n,reject,0.0004768764862970144,0.007010587837383063,0.9917750906291962,0.0007374450471237533
0czAcXMBNO,reject,0.0005050705148024372,0.005085111155821781,0.9936490826519573,0.0007607356774184724
0dHrYUd17W,reject,0.0009108809391427113,0.04031969559409827,0.9568471050425816,0.0019223184241772512
0dOrtl8hwj,reject,0.0007201769771065852,0.008338387980422074,0.9898088731716544,0.0011325618708169557
0dnSbhNoTB,reject,0.0021617908799984016,0.3058640764906434,0.6861479476574643,0.005826184971893924
0eEtTsnmyo,reject,0.0009737908637678201,0.05549418381162805,0.9412460757923573,0.0022859495322466914
0eM74HjPQA,poster,0.004522169425021021,0.7194704051458151,0.26291066640369126,0.01309675902547258
0eenZ5FvH1,reject,0.0005100789114991639,0.00622787697870783,0.9925408923242022,0.0007211517855910118
0elvad3gEu,poster,0.004252884884249301,0.8266436705802459,0.15325364940922362,0.015849795126281138
0etzWKrS4F,reject,0.0019027186849561368,0.27003244389290804,0.7231744793003885,0.004890358121747345
0fJKg3fX41,reject,0.00048290923518976996,0.005618495350060538,0.9932192011848396,0.0006793942299100896
0fNQCOWKc1,reject,0.0010488525204607494,0.16746158493591926,0.8285772237250529,0.002912338818566899
0fcVDzkGK2,reject,0.0005857600505256341,0.009230508900537865,0.9893584641095289,0.0008252669394077581
0fg3OTEUFF,reject,0.0004807285231238093,0.006836969303608539,0.991945932875604,0.0007363692976636533
0fgsHvmBBI,reject,0.0034086599153040635,0.2046839353859087,0.7828781275780675,0.009029277120719678
0fib2BYc0L,poster,0.0018910163253258198,0.6652524421277106,0.325789093987435,0.007067447559528502
0fk3GVbJPm,reject,0.0015219691022237787,0.1633043908199995,0.8313479540511052,0.003825686026671373
0fuYOuJyzl,poster,0.005614509602836868,0.8215369183249495,0.1552717018286073,0.01757687024360625
0fvVI2rORC,reject,0.0005932177464238336,0.007216900834388196,0.991256136834745,0.0009337445844428776
0g5Dk4Qfh0,oral,0.42165999108661395,0.11152672675448745,0.06563518620131856,0.40117809595758014
0gDKeKwFj6,reject,0.0011280665421836906,0.013580240126421724,0.9836008962161865,0.0016907971152081353
0gKCVb8jpl,reject,0.0029483526381040162,0.20525568541709546,0.78407785825751,0.00771810368729058
0gh7haE5tc,reject,0.0018486374973464856,0.3602468981629864,0.6336738914436625,0.004230572896004694
0h5ohpUGY4,reject,0.00228889247751627,0.3076579704762703,0.6836845723239772,0.0063685647222362475
0hLuQAT3fV,poster,0.005090644852305207,0.5521530958776849,0.4274228814380416,0.015333377831968404
0hck6JFV1n,reject,0.0004931751521181006,0.006580090654794968,0.992201060276281,0.00072567391680608
0hdSiZ1br0,reject,0.0007664319422133964,0.01579395636010799,0.9821988760932204,0.0012407356044580509
0hmBDnWeEK,reject,0.0006853561431736399,0.011215212646892753,0.9870373785079456,0.0010620527019880822
0hnnPy6vt2,reject,0.0008841893343307435,0.008954574511334072,0.9888671894615892,0.0012940466927460858
0hy9kJ1ULB,spotlight,0.13585026052199475,0.301088979155617,0.036270934324802724,0.5267898259975856
0iLBGsGTS9,reject,0.000514103800095451,0.006813035840655058,0.9919368626882006,0.000735997671049088
0iN4UKZwgn,poster,0.003335479492789101,0.8241470841181854,0.15915839575371518,0.013359040635310373
0ifNNBqBlQ,reject,0.0006980017661546135,0.01198090788670872,0.9860878416487483,0.0012332486983883822
0ik0xKYQd1,reject,0.000575540152232435,0.0076923560912017346,0.9909336949455003,0.0007984088110656783
0imrI7UXdu,poster,0.0025350716446085864,0.6706451197033599,0.3194989641965233,0.007320844455508222
0izu8IWJ5z,reject,0.0012312542187623795,0.08484733949013937,0.9110942249155581,0.0028271813755401647
0j0MmK7EMA,reject,0.002092244382674917,0.10913060460381119,0.8837751257955394,0.005002025217974533
0jHyEKHDyx,spotlight,0.16065659558642065,0.2621688651711403,0.0806061015563587,0.49656843768608033
0k0RfnsEh3,reject,0.0022507581942529296,0.332503298569753,0.6593073803980795,0.005938562837914532
0k5w8O0SNg,poster,0.005588602584896212,0.8310876938295204,0.1450814047071609,0.018242298878422627
0kHbD6ad07,poster,0.0044175999726356495,0.6011168480399214,0.3816394665984487,0.01282608538899427
0kZKtWleMS,poster,0.010200807415847895,0.6925461734585443,0.26635719848879713,0.030895820636810706
0kiFgLo5al,reject,0.0006208981829472713,0.009885272969945213,0.9885757522911592,0.0009180765559483236
0kjCyq9Hbo,reject,0.0017531919440418459,0.15184392705074337,0.8419904675100447,0.004412413495170245
0klioDjSVM,poster,0.0025167747224345348,0.6535691289014807,0.3358767263967562,0.00803736997932863
0knDtnbYGd,reject,0.0008366063155606511,0.017256010115852274,0.9804912306535841,0.0014161529150028115
0lGVMSAazo,reject,0.0006826203702610843,0.020619266221898726,0.9771612683398079,0.0015368450680322884
0lW2UBiEWN,reject,0.0048149506758497435,0.32242050545944095,0.6596206483532894,0.013143895511419871
0lct7PrPgS,poster,0.008065821206191426,0.8922412442601656,0.06542356756072436,0.03426936697291867
0lsidbAjNW,reject,0.0021964698588835246,0.1676052057028598,0.8249192942727219,0.005279030165534745
0mBCl2goJr,poster,0.004214021483938253,0.8284694660240354,0.15188188710780692,0.01543462538421944
0mCMKqgXZI,reject,0.0010434072967026105,0.020886531468163466,0.9758095943809729,0.0022604668541608168
0mNnINd2z5,reject,0.0010058795102200055,0.05566501860240686,0.9410700624329041,0.002259039454468905
0mUiXz1TNq,reject,0.0015201748351212888,0.1703921895282312,0.8237997356245212,0.004287900012126315
0mYcWbQyo7,reject,0.0007187891652791447,0.014029750332015967,0.9841445497060763,0.001106910796628531
0miO9v1jeC,reject,0.0005059028194751822,0.005912530706604632,0.9928262731804138,0.0007552932935063677
0miqobfGyv,reject,0.002256991189458485,0.3201152614313541,0.6718600567894558,0.005767690589731674
0mqsIlMtfm,reject,0.0006164086189704084,0.008352967250735591,0.990047808431547,0.000982815698746871
0n1YcK0yuQ,reject,0.0007235697972482057,0.014317511577726672,0.9837163978472738,0.0012425207777510808
0n7dDguNeJ,reject,0.0007148806265822587,0.013554246287915397,0.9845611983971266,0.0011696746883755253
0ngAxtR0IH,reject,0.0018742583593968343,0.15042398476908433,0.8434201122339422,0.004281644637576632
0nmGpN7Qqa,reject,0.0020005609890739024,0.06272349737675277,0.930759633912281,0.004516307721892342
0nvQ5kHXf4,poster,0.011874188744527123,0.895861573703327,0.0568035646749265,0.035460672877219324
0oHaazjMUX,poster,0.0037437817827835696,0.8205290010813882,0.16183807446709078,0.013889142668737493
0oXyMbPMtP,poster,0.002101164649210346,0.674255877348854,0.3171417905693784,0.006501167432557136
0obDxMfeYu,reject,0.0006048527787974355,0.009459429668640197,0.9889837188960625,0.0009519986564999082
0oqEBQA0UD,reject,0.0007917175883567607,0.017518849296572013,0.9802078038848987,0.001481629230172472
0oxkxG9cCo,reject,0.0005848005789868358,0.007415367326377332,0.991095589103713,0.0009042429909227401
0pCAQoNE5E,reject,0.0022690635127823548,0.05249785557155355,0.9412290382291384,0.004004042686525776
0pFcKF2li1,reject,0.0004970273312706707,0.0063590557077470074,0.9924169183140191,0.0007269986469630332
0pGKVsri2B,reject,0.002051997623506987,0.06420751027173946,0.9292170104196356,0.004523481685118006
0pRvnSBNGx,reject,0.0027844913329551743,0.36919906811526815,0.6196149932945393,0.008401447257237299
0pVKknV9nM,reject,0.0013184202742886617,0.03962536404273781,0.9561350213184601,0.0029211943645135155
0psy3EVkT7,reject,0.0011253449321554968,0.05570484995839721,0.9408276219670151,0.0023421831424321918
0pw5Qmfynp,reject,0.0005366180448901246,0.006062245245398993,0.9926627677535379,0.0007383689561727695
0qFN7Ugt4k,reject,0.002001705510112219,0.24316875159022525,0.7494480347604403,0.005381508139222167
0qVrS2XdOW,reject,0.0006821516080306703,0.004893936409074275,0.993495264553918,0.0009286474289769283
0qVu2WsDle,reject,0.0027494643205045835,0.3074212975504453,0.6835305477257833,0.006298690403266787
0qgcZvtQx0,reject,0.0009418330172278046,0.013669598033880048,0.9839260560622957,0.0014625128865964124
0qrPON6rIN,reject,0.0006215957486825724,0.007055952201873838,0.9914914920928696,0.0008309599565740212
0r1KU3dlps,spotlight,0.09549250064034749,0.3211590706806302,0.0659563366998744,0.5173920919791479
0rHEudxV8K,reject,0.002106133114612043,0.21875468277914464,0.7744680202215336,0.004671163884709756
0rJUulYnow,reject,0.00156321448761729,0.23492680266208585,0.759406959222005,0.004103023628291958
0rlc34xAhz,reject,0.0006200084539500309,0.014331868725541621,0.9839315144116094,0.00111660840889886
0sCyk9Tr5J,spotlight,0.11066476438895682,0.2658856335197326,0.060315217065649324,0.5631343850256613
0sPCSssY2r,poster,0.007938426421575013,0.6603316831569869,0.3038392820817128,0.027890608339725398
0sUghjXZZs,reject,0.0006211546241448851,0.014306858210756997,0.9838751427131475,0.0011968444519506417
0sXt3wT22y,reject,0.0005352219926281639,0.006544660120088981,0.992084220598464,0.0008358972888188622
0tzvmjMcXC,poster,0.054488731554111575,0.6343793340237405,0.06809800331948565,0.24303393110266228
0u1LigJaab,poster,0.01873852883604995,0.7495580683094254,0.08582519080835523,0.14587821204616935
0uP1cQ6GW3,reject,0.0015702248901217784,0.037611864078285456,0.9579006855948006,0.0029172254367921704
0uRB0irpqi,reject,0.0005214597134585683,0.0059717445131481995,0.9927596597404524,0.0007471360329408626
0ucmlIQTlu,reject,0.0017962996448370049,0.35823265737209614,0.6358287268609053,0.004142316122161622
0uiWQTYpzb,reject,0.0016456479692469913,0.1744978930667385,0.8198806027700977,0.003975856193916948
0uj9pA5MqE,poster,0.005761347095946445,0.8365645102725628,0.13808024482922646,0.01959389780226427
0unRcs07Bb,reject,0.0011017465136173709,0.1867175481937114,0.8086743460555399,0.0035063592371313746
0vbYakkECY,poster,0.006240094332647766,0.7100202454735516,0.2533724110504768,0.030367249143323942
0vgzrcv4Dr,reject,0.0029208069396675805,0.3495612858118034,0.6412660743289234,0.006251832919605659
0viCNELbrf,reject,0.0007362520159572137,0.014822644306603289,0.9831505041945934,0.001290599482846066
0vs1YLmmQa,reject,0.0005402428843270299,0.007036756102387941,0.9916327973013624,0.000790203711922628
0vsPw2K3bA,reject,0.0005569261899012085,0.006726122791036222,0.9919554063404349,0.0007615446786277838
0wCTDqkK8I,reject,0.0017842101336429086,0.27363194059048424,0.7194721044531359,0.005111744822736972
0wJuW3snwU,reject,0.0009829234222165856,0.04328567417552172,0.9536202669305384,0.0021111354717233684
0wSlFpMsGb,spotlight,0.20766720008980816,0.218023551283695,0.03873447084684032,0.5355747777796567
0wwcANeTjd,reject,0.003719262774742651,0.09265024300742654,0.8968466100834256,0.0067838841344052755
0x1a6fSSeL,reject,0.002174950530071914,0.2414515766490445,0.7522140381859475,0.004159434634936082
0xE0kNdGIz,poster,0.016114139469851935,0.8085311288370101,0.06697620151537596,0.10837853017776192
0xHWd4CUaX,reject,0.000562969419639213,0.00802520648068924,0.9905685707910312,0.000843253308640289
0xMXVkiAzK,reject,0.0008631409306074252,0.0355794579766762,0.9616828161130847,0.001874584979631725
0xObmDmsKY,reject,0.001066459185115,0.0438439112645468,0.9526616691171383,0.002427960433200055
0xewM6o97m,reject,0.0012410847488914993,0.07445521933073256,0.9214335673035567,0.0028701286168192545
0xhKd2zk7p,reject,0.0005237773719614379,0.006188482116198054,0.9925047050688695,0.000783035442971219
0xiPcuWdl5,poster,0.005266705304936722,0.6574726303509961,0.3240063228047354,0.013254341539331693
0xlI09pvBs,reject,0.0007256383339515112,0.011830824174357536,0.98639811614531,0.001045421346381094
0xmvlDKDTL,reject,0.001016429133751751,0.03690612906873869,0.9600777598521798,0.0019996819453297118
0xpakqqTbe,reject,0.000664275472212837,0.011009310841660626,0.9870910872663692,0.0012353264197574327
0y3aHkDw6Q,reject,0.0005368331041239851,0.005891874731029422,0.992819864336424,0.0007514278284226949
0yHqXfzY4i,reject,0.0016094575700350909,0.18729669297636337,0.8069889824313747,0.0041048670222268826
0yLdDZMutq,reject,0.0005765957848538178,0.012845687921015479,0.9856344139858478,0.0009433023082830666
0yOsSMU1eY,poster,0.005574509392611504,0.6267737162570957,0.3525414849650713,0.015110289385221616
0ySZmVPoyg,reject,0.0006821516080306703,0.004893936409074275,0.993495264553918,0.0009286474289769283
0yWGRkRoID,reject,0.0012248050551482612,0.06287709098051902,0.9330913826845387,0.0028067212797938373
0yjmQKUiUr,reject,0.0014380660288504563,0.06234405306227819,0.9331400955682561,0.003077785340615231
0ylAe3Orfy,poster,0.004254204368183701,0.649517492260874,0.3339928137138598,0.012235489657082604
0yqWGNFEJA,reject,0.0007326555257055209,0.007745805835850881,0.9905015643245615,0.0010199743138821812
0yu5YbsSgo,reject,0.002842965381392348,0.3270486071652059,0.663156698780551,0.006951728672850795
0z0IeZ5drh,reject,0.0006821516080306703,0.004893936409074275,0.993495264553918,0.0009286474289769283
0z0xhXRbN3,poster,0.002378921434693244,0.6149967810855757,0.3749744992601044,0.0076497982196267285
0zIcPe4CtY,poster,0.008077710665868229,0.7157736130612988,0.24856425379151995,0.027584422481313025
0zJ9aU7Tds,reject,0.0005489746831417112,0.007842369099785569,0.9908114079334759,0.0007972482835967976
0zKfU1rsXd,poster,0.0023034355912946135,0.6170096374767656,0.37331342857241984,0.007373498359519994
0za6569Jqd,reject,0.0005754669693620149,0.0069425968894307865,0.9915618290768071,0.0009201070643999674
0zdlTzGoou,reject,0.0008348539940339345,0.01682633304353096,0.9809875037043573,0.0013513092580778295
10GdK6MTWj,reject,0.0037183001553771932,0.28272103587040515,0.7030094523292364,0.010551211644981386
10Iiew095e,spotlight,0.2647698259600774,0.20275331116708334,0.0620375802879176,0.4704392825849215
10JEfJtiJM,reject,0.0008301062079751697,0.01754344046925692,0.9800838855551749,0.0015425677675931055
10TkrLM8bW,reject,0.0005048993257732127,0.006307989458789013,0.9924639941743317,0.0007231170411060017
10XgR4QORn,poster,0.00342769514348265,0.6621659922583748,0.3248422568149927,0.009564055783149854
10gpXxro8z,reject,0.0006259881976452108,0.008790377998331562,0.9896711228346011,0.0009125109694221726
10iBNwPtl2,poster,0.008911084150097745,0.6542626405016977,0.3090949706604068,0.027731304687797605
10nJk8B7FZ,reject,0.0026683474116047886,0.3282286751640571,0.6626456756409241,0.006457301783414073
119qowYLUX,reject,0.0007078483339300009,0.015288822796431347,0.9827235853565348,0.0012797435131040333
11QZITAMUO,reject,0.003902941714998126,0.2879578852726393,0.6974182792397752,0.010720893772587423
11VdnqNsbm,reject,0.0012848124941687042,0.05437983015010248,0.9413502693227073,0.0029850880330215203
11ZzyjZEcc,reject,0.0011171378602176409,0.049105748201370765,0.9473434952641886,0.002433618674222826
11dzFZ2UM1,poster,0.004044224577990409,0.7838490382567064,0.1996073074696557,0.012499429695647407
11eHIPnWDx,poster,0.013853071415256536,0.8022455171476189,0.08296663749542388,0.1009347739417005
11kPIEkj75,poster,0.03254273893924752,0.7229458075661234,0.1274771326580632,0.11703432083656588
11z2ZV85eV,poster,0.0025412500890445292,0.6965398208995855,0.2922957693726158,0.008623159638754265
1211MDoiCZ,reject,0.0037887512387370327,0.07330579657506392,0.9163979231268196,0.006507529059379457
121IDiLVMt,poster,0.006206786275965328,0.8100789583494103,0.16449967048246963,0.01921458489215471
12jdbVQ7t0,poster,0.007455779967620493,0.6621944664258128,0.31005542818888676,0.020294325417679893
13Ox7VmOUr,poster,0.007691953224893479,0.7086768923517757,0.25013402111065836,0.033497133312672414
13bCB5VnDy,reject,0.0009469571849965806,0.020155668397478937,0.9771669102399407,0.0017304641775838403
13jshGCK9i,poster,0.008104884531978399,0.7611601332826903,0.20562219029822384,0.025112791887107452
13r06yROEZ,poster,0.003963434061669057,0.7905225118996755,0.19262055350377902,0.012893500534876383
1448q0s3zZ,poster,0.02208001142188413,0.7260145481599974,0.12336366472364743,0.12854177569447087
14Sq0m94oA,reject,0.0007960878240353511,0.01679465663179046,0.9811662727796264,0.0012429827645476668
14ZgLZdteo,reject,0.0008748535854495158,0.008403706832389796,0.989590498559127,0.0011309410230338401
14dlTHVxDX,poster,0.026924853923000616,0.7231054853829383,0.11530720304839034,0.1346624576456707
14f18NoEqO,poster,0.0494190675716517,0.575564505361396,0.04639998775604852,0.32861643931090373
14i2wzPPfn,poster,0.020429729014358366,0.7505535050268028,0.0871755971069148,0.14184116885192408
14iitu1DN0,reject,0.000635538953263051,0.01810772781904771,0.9799054432404432,0.0013512899872461879
14pg6z2RoP,reject,0.0013772791607190038,0.1907097322031025,0.8041752278993086,0.0037377607368698873
14qYxv2jki,reject,0.0017403394629379918,0.16475105481450802,0.8296729275042836,0.003835678218270456
14vBE8iAEx,reject,0.002598140739783805,0.19228845023100244,0.798958915964504,0.006154493064709763
154r7u3LTJ,reject,0.00070323007751392,0.010479108970249867,0.9876702313712932,0.0011474295809429738
15HYjY5ol7,reject,0.0004897534042567387,0.006061448598917156,0.9927467325188315,0.0007020654779948564
15KpLriUTU,reject,0.0008656814249718847,0.03402923455042891,0.9631077387227852,0.001997345301813939
16MJNrz0xV,reject,0.0008115927651860842,0.016242891663127285,0.9815839857491716,0.0013615298225151966
16VO5idmo5,reject,0.0008000220933834487,0.0197748971555986,0.9777578437034425,0.0016672370475754117
16dklduerp,reject,0.000517129704867912,0.006351576812037865,0.9923259544829465,0.0008053390001478434
16h9c9tddO,reject,0.001947832468690843,0.09642205760633815,0.8968859238619163,0.004744186063054724
170GODIkgT,reject,0.0008347986537387904,0.02436617686722425,0.9730477653761053,0.0017512591029316493
173Pq3F31r,poster,0.006949779750036174,0.8255169665939402,0.13900202294729502,0.02853123070872847
17DNmdQ9aU,spotlight,0.33199132661745206,0.17678523054723455,0.0666090776397554,0.424614365195558
17ImnZKuze,reject,0.0018557893152204568,0.3694773853049732,0.624288296728595,0.004378528651211383
17UDRTRLmp,poster,0.003859054022544044,0.8179985520107887,0.16406993941743617,0.014072454549231126
17h5Sl2EaK,spotlight,0.14361722858284978,0.34532873723662616,0.04826163308105326,0.46279240109947084
17iH7ElJOV,reject,0.0006226638063896214,0.008695561625763976,0.9896404336608504,0.0010413409069959358
17wW0MWqjl,reject,0.001447884397184226,0.16672120205523588,0.8280310555213213,0.003799858026258584
18gC6pZVVc,poster,0.024797922705485923,0.7065593451194135,0.11033713801952899,0.15830559415557152
18j5Q49GwN,poster,0.0024837459880877578,0.6464044449239964,0.34348141970374696,0.007630389384168827
18pFYYqFiG,reject,0.0033708836976026574,0.38967989489008276,0.5966935671244012,0.010255654287913413
