id,pred_status,proba_oral,proba_poster,proba_reject,proba_spotlight
00SnKBGTsz,spotlight,0.23327456823041784,0.3623863733354689,0.03276722507242434,0.3715718333616889
00ezkB2iZf,reject,0.0006253684971807752,0.011489040774833202,0.9865661145111589,0.0013194762168272493
01wMplF8TL,reject,0.0004569625185866331,0.0345139176518874,0.9631748886165735,0.001854231212952391
029hDSVoXK,poster,0.024533156928751135,0.7247659743656494,0.06961827816936333,0.1810825905362361
02DCEU6vSU,reject,0.0004333955794352896,0.009990647265475763,0.9885676225559765,0.0010083345991124958
02Od16GFRW,reject,0.0006975900802414576,0.10398846568150454,0.892039371269589,0.003274572968664928
02haSpO453,poster,0.01658417648057593,0.7855534022433102,0.12663698399009193,0.07122543728602218
02kZwCo0C3,poster,0.008689101285494551,0.6608836419654122,0.25565314097909925,0.074774115769994
03EkqSCKuO,poster,0.05997800041053609,0.5024985694724919,0.2756734151062385,0.16185001501073346
03OkC0LKDD,spotlight,0.13863334645682618,0.4023269163039953,0.029244455795083724,0.4297952814440946
03u7pbpyeN,reject,0.00031214537715754803,0.009408090696189227,0.98932819124115,0.0009515726855033547
04RGjODVj3,reject,0.00029363841639514713,0.010730103419863501,0.9881789556888497,0.0007973024748917057
04RLVxDvig,reject,0.00017771859781529357,0.003142217522181553,0.9962040078426578,0.00047605603734519186
04TRw4pYSV,reject,0.00013387629761482954,0.0034310741922232834,0.9960944994021992,0.00034055010796254424
04c5uWq9SA,reject,0.0028561751865588806,0.2769173921936557,0.7057704759018089,0.014455956717976549
04qx93Viwj,poster,0.07845608157175507,0.45089592891643293,0.038065428181187494,0.43258256133062445
063FuFYQQd,reject,0.0010610663959777936,0.020959854314601213,0.9756500930624334,0.002328986226987604
06B23UkNid,reject,0.00016957354150504597,0.008200911644324222,0.9910452662909548,0.0005842485232159542
06GH83hDIv,reject,0.0013556682865685466,0.03968497793259051,0.9549288419350295,0.004030511845811533
06ZvHHBR0i,reject,0.0001688793289317473,0.0039004815390192805,0.9954541668457534,0.00047647228629548295
07N9jCfIE4,reject,0.0012905922326718442,0.038609941275620056,0.9576039351948861,0.0024955312968219768
07ZaA3MiL0,reject,0.0001531137414707521,0.004929913623975907,0.9944643699224783,0.0004526027120750782
07cehZ97Xb,reject,0.0005229280183263579,0.014272472302099753,0.9836062913546677,0.0015983083249061498
07yvxWDSla,spotlight,0.26655182851544246,0.21150802179762096,0.023694852177612327,0.4982452975093242
0823rvTIhs,poster,0.0031535689034368325,0.791794041402229,0.16057371307349416,0.044478676620839964
08FCLXDY3S,reject,0.00018379338574457348,0.0069468290245319935,0.9922567932127347,0.0006125843769886408
09FiNmvNMw,reject,0.0010114827466590852,0.30756756582853384,0.6823364794252377,0.009084471999569509
09JVxsEZPf,reject,0.00022433339811552162,0.021229482362091878,0.9774145387752452,0.0011316454645474668
09LEjbLcZW,reject,0.00070444903923716,0.03241894254067932,0.9637957971251032,0.0030808112949800965
09TI1yUo9K,reject,0.00013523839789199798,0.004482272681889738,0.9949849688136875,0.00039752010653086947
0A6f1b66pE,reject,0.00016846957528841147,0.008261512158693531,0.9910723906176455,0.000497627648372497
0AHkdAtFW8,reject,0.0011977902027904119,0.4173557920178848,0.5743841149425213,0.007062302836803381
0ASCZrVzSX,reject,0.00028637778472618614,0.025742407358373336,0.9725834350329667,0.0013877798239337268
0Ag8FQ5Rr3,reject,0.0006886476854982781,0.02572890939800303,0.971758710400599,0.0018237325158997255
0ApkwFlCxq,poster,0.003035468437412443,0.762292128361474,0.2054714200330726,0.02920098316804116
0BBzwpLVpm,reject,0.00013915922426056108,0.004066247335221468,0.9954051248782538,0.00038946856226424625
0BujOfTqab,reject,0.031123819205669877,0.35973130233784356,0.5222586833162108,0.08688619514027578
0C5iHPPwsG,reject,0.0006403245836420855,0.056059918736120005,0.9402036449803387,0.0030961116998991993
0CieWy9ONY,poster,0.002970717501212532,0.8383525206158906,0.10092754334525433,0.05774921853764258
0CtIt485ew,reject,0.00012400652647206637,0.003892640639700742,0.9956218280113027,0.0003615248225245252
0CvJYiOo2b,reject,0.0003905414654630566,0.012250023655804321,0.9863644997797778,0.0009949350989547864
0DZEs8NpUH,reject,0.003136559063903287,0.4530832908752053,0.5191543850548497,0.024625765006041737
0EP01yhDlg,reject,0.00034921061236235464,0.01931486095744812,0.9790525792909803,0.0012833491392090673
0F1rIKppTf,poster,0.001501168767564895,0.5921684474301313,0.39207215207414275,0.01425823172816101
0FK6tzqV76,poster,0.001439741700828099,0.6931494698468251,0.29689872081068325,0.008512067641663502
0FbzC7B9xI,poster,0.013329742151893045,0.7912368607510667,0.07821564680808958,0.11721775028895061
0Fi3u4RCyU,poster,0.014663156889635194,0.621422498696592,0.27560276510727344,0.08831157930649923
0FxnSZJPmh,reject,0.000855330365514465,0.2653650496873522,0.7301696570640553,0.0036099628830780816
0G6rRLYcxm,reject,0.0006751713343749459,0.036617044553905596,0.9598009797117009,0.0029068044000187107
0GC81gpjOo,reject,0.001049791841900715,0.04272930009754216,0.9511740122972322,0.005046895763324916
0GzqVqCKns,poster,0.0016118666374403084,0.8590827728304388,0.08777770138914352,0.05152765914297743
0HWAbWgI3T,reject,0.00025525461869426347,0.019420718849278585,0.9793525447445717,0.0009714817874555335
0HqPwbN1Su,reject,0.0005600724709414386,0.033386401625104464,0.9642896824686277,0.001763843435326219
0IhoIn0jJ3,reject,0.0002742042454401662,0.009313159019671289,0.9896743323554924,0.0007383043793963354
0IqriWHWYy,reject,0.00039148550670972817,0.014618576778997484,0.9838062907799426,0.0011836469343501374
0JOhLEf2bX,reject,0.0001185645161343761,0.0038341202293362925,0.9956435110570657,0.0004038041974637369
0JcPJ0CLbx,reject,0.00016748591039353157,0.0028868873748521488,0.996545097165932,0.0004005295488225526
0JjsZC0w8x,poster,0.00214560983617499,0.6142054118131746,0.3589911188417325,0.024657859508917926
0JwxMqKGxa,reject,0.00016957645266610675,0.004198732055016025,0.995113306668717,0.0005183848236009997
0K0hoNL9sx,reject,0.0002232761181397856,0.004348405180345495,0.9949173596644529,0.0005109590370617855
0K1OaL6XuK,reject,0.0021397874117826364,0.15453664477656626,0.833346375761736,0.009977192049915075
0KFwhDqTQ6,reject,0.0001332651354351374,0.00371105460491051,0.9958305784386187,0.00032510182103570053
0KHW6yXdiZ,reject,0.003035413043587036,0.2577303219385579,0.725075348035715,0.014158916982139887
0L8wZ9WRah,reject,0.00033291721799831993,0.016742889215742164,0.9816760186754876,0.0012481748907720081
0LSAmFCc4p,poster,0.009788977236700334,0.7716451879649969,0.11839109163264297,0.10017474316565968
0Lpz2o6NDE,reject,0.00045203203878836987,0.022767093189844115,0.9754158595014135,0.001365015269953964
0MVWOHwHDb,reject,0.0006168488335826609,0.09574590507861457,0.8997587090699593,0.0038785370178434082
0MhlzybvAp,reject,0.0017138812016363472,0.12960061925816097,0.8614690609841427,0.007216438556059921
0N8yq8QwkD,reject,0.0003541182947132903,0.012025499827929534,0.986622897674032,0.0009974842033249976
0NAVeUm7sk,poster,0.010998096913244753,0.7448523290339066,0.17537636952458702,0.06877320452826173
0NEjIZlEhP,reject,0.0006998100212823942,0.01811314045048864,0.9793609973332327,0.0018260521949964598
0NvSMb7xgC,reject,0.00016727598608011994,0.008527445214857174,0.9907102606163399,0.0005950181827227397
0OB3RVmTXE,reject,0.00015441477671204336,0.0070789880912411575,0.9922676984409581,0.0004988986910888165
0OTVNEm9N4,poster,0.05669771351381514,0.4897163866279124,0.10665235416054189,0.3469335456977305
0OzDMjPHa3,reject,0.00014870841129424356,0.003662853936580039,0.9958314012977634,0.0003570363543623704
0PC9goPpuz,reject,0.00011168263290139898,0.0038993802906049004,0.9956345501706337,0.00035438690585989495
0PcJAHbSmc,reject,0.0004961916732681104,0.06227214927577472,0.9346174555147038,0.002614203536253308
0PxLpVURTl,poster,0.006094516421513551,0.7925776074551137,0.07186601057743687,0.12946186554593586
0QJPszYxpo,reject,0.0007548335013903086,0.03354348414640475,0.963473333736944,0.002228348615261067
0QZcoGdmtJ,poster,0.010390874231121866,0.7562818990468242,0.13856956742471505,0.09475765929733888
0QePvFoqY6,reject,0.00037513317744310745,0.012515782027639063,0.9858592235349165,0.0012498612600014387
0QkVAxJ5iZ,reject,0.0007605385561518058,0.09104977324179606,0.904106492112485,0.004083196089567188
0QnKnt411O,poster,0.013207715105522445,0.7968358318146257,0.0451368865036624,0.14481956657618952
0QvLISYIKM,reject,0.0011576304824653188,0.0916669385887814,0.9031574476784824,0.0040179832502708
0R3ha8oNPU,reject,0.0006332133671842925,0.0385241385785979,0.9578765519222571,0.0029660961319608156
0R8JUzjSdq,reject,0.0010880701433519588,0.06653868542998503,0.9289432773488147,0.0034299670778483826
0RHMnPj8no,reject,0.002189234514262551,0.3526032625745974,0.6271361313583314,0.018071371552808694
0RUQmLFF1D,poster,0.002858309344598247,0.6968386588714107,0.2845703604584996,0.01573267132549136
0Ra0E43kK0,reject,0.0001540019291981035,0.00442249474670023,0.9950044052905734,0.0004190980335282609
0RgLIMh94b,reject,0.00015376589391393323,0.005884879658259831,0.9934700499834112,0.0004913044644149293
0SpkBUPjL3,reject,0.00030458141899086387,0.0075743378253644526,0.9912627765186652,0.0008583042369794743
0T49QbSOho,poster,0.010617021057972494,0.7508572148912779,0.14178204647098544,0.09674371757976423
0T8vCKa7yu,reject,0.0006150062619175348,0.020773327361674858,0.9765624076140166,0.0020492587623909043
0TSAIUCwpp,reject,0.0002138527869014965,0.010173609856864883,0.9890692531511723,0.0005432842050613353
0Th6bCZwKt,reject,0.0006653022502713792,0.032920845488307475,0.9641426307464932,0.0022712215149278733
0UCkWfcfb9,reject,0.00015215047044196017,0.005873851114942893,0.9935986930099014,0.00037530540471378114
0UCoWxPhQ4,poster,0.00456901085681698,0.862801433352639,0.034517108056249274,0.09811244773429476
0ULf242ApE,reject,0.0024824368977180685,0.20215254729294266,0.7869127208976086,0.008452294911730746
0UO1mH3Iwv,poster,0.003850546820880141,0.8604405496957908,0.11382798630247752,0.02188091718085161
0UvlnHgaii,poster,0.0007210133471537844,0.8741707940723393,0.11678399995529576,0.008324192625211108
0VP3LuzZ8K,poster,0.0011067783357759941,0.6771273003653516,0.3028977072915562,0.01886821400731602
0Wl6h2CZeJ,reject,0.0014374072586921132,0.16936509282892448,0.8236387920654515,0.005558707846931812
0WqAnYWi7H,reject,0.00027886800799603053,0.01990916755490599,0.978562801108424,0.0012491633286741096
0XT3Lg6S2Q,reject,0.002977417290605639,0.06016760518401318,0.9297203999463791,0.007134577579002014
0Xc6o1HKXD,reject,0.0001467060418885413,0.0031159402827657693,0.9964215847632917,0.00031576891205415184
0Xt7uT04cQ,poster,0.007912694872807704,0.8056276020903163,0.12134766231746251,0.06511204071941346
0YXckVo7Kw,reject,0.0015097049460637366,0.22632762124829672,0.7665044086555103,0.005658265150129343
0Yfjerm9Zp,reject,0.00038197925164163457,0.01602115023644882,0.9817926909460823,0.0018041795658271876
0YkZe9nwiC,reject,0.00023469047624072824,0.004876818971660585,0.9943895701091697,0.0004989204429290334
0YxvqG9SsJ,reject,0.00021734049499345535,0.010567601370479147,0.9885443080889632,0.000670750045564216
0ZcQhdyI3n,reject,0.0007226961375089954,0.02686053700263715,0.9705283982697516,0.0018883685901022848
0Zot73kfLB,reject,0.0013076434860006079,0.16484582585800078,0.8289180090684019,0.004928521587596756
0a7TRHhhcS,reject,0.00028702945823496213,0.013931449558115913,0.9849296525624912,0.0008518684211579449
0aTIvSJ83I,reject,0.00017553517914185862,0.0036645855232768348,0.995855288543795,0.00030459075378629286
0aaaM31hLB,reject,0.0007713875159823076,0.034765535559348124,0.9625057416105585,0.001957335314111228
0bcRCD7YUx,reject,0.002374273561683731,0.023729603974849762,0.9686439665943619,0.005252155869104704
0bcUyy2vdY,reject,0.0010770149435105493,0.10762499395486118,0.8843821766876327,0.006915814413995443
0bmGL4q7vJ,spotlight,0.048158195426509426,0.3439110869863837,0.009870096162703488,0.5980606214244034
0bswm093Yl,reject,0.0001654982211185875,0.010517490898472905,0.9886703255432083,0.000646685337200058
0cBttXaOUK,reject,0.0006637348690340061,0.029772756795407734,0.966770581808807,0.0027929265267511117
0cadcLKbt7,reject,0.00018362104581957158,0.0036564236366027616,0.9957650631015079,0.00039489221606970096
0ctvBgKFgc,oral,0.5034604989465133,0.10833891155542402,0.021862924437412386,0.3663376650606503
0dELcFHig2,poster,0.01039866311220444,0.6968527214320617,0.0465850178256294,0.24616359763010456
0e26yMOCbd,reject,0.00016848687218312428,0.002943652637291413,0.996533681553414,0.00035417893711124106
0e2pcSxQJS,poster,0.09838788291585038,0.45967725676197263,0.03167798223680833,0.4102568780853688
0eMsrRMmCw,poster,0.013234974142974244,0.7717671655977025,0.04820253623627718,0.16679532402304606
0eRJRbVG95,reject,0.00013206066691362223,0.006854603062368395,0.9925550503725971,0.0004582858981209409
0er6aOyXUD,reject,0.0015254927438461045,0.14204918355983293,0.8511946497199414,0.005230673976379553
0eu837jdBD,reject,0.00016772902095188718,0.007343354706069651,0.9918954059769692,0.0005935102960092264
0fD3iIBhlV,poster,0.0018720403663212081,0.886575082949279,0.0926842430608403,0.018868633623559453
0fJfVOSUra,spotlight,0.10412807902832974,0.3428641456867329,0.02631522628792451,0.5266925489970129
0fXcrl35V0,reject,0.0002232761181397856,0.004348405180345495,0.9949173596644529,0.0005109590370617855
0fhzSFsGUT,spotlight,0.1374529175381961,0.3945935546892589,0.03749577743069998,0.43045775034184497
0fwJMANq9P,reject,0.00032563816860019045,0.01763675612404656,0.9810765523906831,0.0009610533166699622
0gGPVbRqOE,reject,0.0001332157090640296,0.005918159872924695,0.9932472136053695,0.0007014108126417543
0gOQeSHNX1,reject,0.002019565613474123,0.23273335240206486,0.7580025361736085,0.007244545810852541
0gVatTOgEv,reject,0.00016134905235911948,0.003759381129222396,0.9957311950159312,0.00034807480248717114
0gqCIaBRQ9,reject,0.0003432884770809162,0.0433755398766633,0.9548569986348325,0.0014241730114233579
0h6v4SpLCY,spotlight,0.12270279713537242,0.36788978401588834,0.030225130821550827,0.4791822880271885
0hc7iQLhCt,reject,0.0005239216075731072,0.022421103781619815,0.9753592001905189,0.0016957744202880294
0hyShAPeBj,reject,0.0009751951410125093,0.01896276973642167,0.977456985582228,0.0026050495403377497
0iAZYF9hrl,reject,0.00028095690480037705,0.008355656247789734,0.9905824966486321,0.0007808901987778058
0iXfS9Smqf,reject,0.0013844096193770276,0.05826181959394925,0.9365817420263127,0.003772028760360979
0iscEAo2xB,poster,0.021111816827691098,0.7018041620475155,0.1793303361685056,0.09775368495628779
0jJ94VVgzi,reject,0.0030226234255622338,0.4156195936743851,0.5642178788481663,0.017139904051886336
0jUeqlQxMi,reject,0.00016049455496060607,0.006029347751882415,0.9932961135265542,0.0005140441666027383
0je4SA7Jjg,poster,0.013171355366250664,0.5513719734579068,0.35090236009843995,0.08455431107740244
0jmFRA64Vw,reject,0.0001637241433303752,0.002234331865751509,0.9972421175260248,0.000359826464893282
0k7pbSxNOG,reject,0.00035207332725282716,0.04368439445769554,0.9539248207954175,0.0020387114196341477
0koPj0cJV6,reject,0.0007890550349795552,0.02107348893414176,0.9759913377058338,0.00214611832504503
0lMhptUGxP,reject,0.001487472225316863,0.04715649339399095,0.9483540716882484,0.003001962692443894
0lVQBMhsPG,reject,0.00018587763197096784,0.00621641078790179,0.9931747780351203,0.00042293354500694356
0m27tvXkNm,reject,0.0002232761181397856,0.004348405180345495,0.9949173596644529,0.0005109590370617855
0mJZplhexS,reject,0.000691892690779532,0.026157199449410376,0.9715911526728772,0.0015597551869329278
0mdUV1pLGP,reject,9.407962846147383e-05,0.0034741575562840686,0.9961283671312138,0.00030339568404051914
0mo2yqOS6Z,reject,0.0013616594890977904,0.32024239192359544,0.6688009753586223,0.009594973228684585
0mtz0pet1z,reject,0.0010519263574960314,0.30850833636337865,0.6804015868703888,0.010038150408736532
0n4bS0R5MM,poster,0.005664605221770731,0.7336097857795558,0.19540938729274246,0.06531622170593109
0nJEgNpb4l,poster,0.0017498237041933147,0.7510918605829512,0.22738315935513323,0.019775156357722274
0nJt9aVGtl,reject,0.0010951083155442075,0.05155299815480839,0.9436542638887017,0.003697629640945853
0no1Wp2R2j,reject,0.000909275176051538,0.1403496210175863,0.8520988691888337,0.006642234617528531
0nxocR2qx4,reject,0.0015766392784603784,0.285597208012796,0.7037102714257287,0.009115881283014894
0oWGVvC6oq,poster,0.002187531194439754,0.8801822721701601,0.08190986367292853,0.03572033296247164
0ov0dMQ3mN,poster,0.0018921923988399214,0.8903077235188984,0.08873836486072241,0.019061719221539188
0owAtTCOlU,poster,0.0018678127715376542,0.698736928091459,0.29002757729083317,0.00936768184617022
0owyEm6FAk,reject,0.0006011166798403846,0.021058848763543345,0.9765169914244972,0.0018230431321190207
0pLCDJVVRD,poster,0.023544578618570112,0.6040701567829572,0.03614595657293022,0.33623930802554247
0pbxX2jatP,reject,0.0008509441943182751,0.020995796117055,0.975405151107065,0.0027481085815616564
0py3h7pops,reject,0.0005937073415496146,0.14117812146749978,0.8539631933392158,0.004264977851734807
0qexTTfnmH,reject,0.00020186647503233008,0.004864591367139766,0.9944164128955211,0.0005171292623066923
0qfIhtel8N,reject,0.0003328080285138653,0.004986985207250369,0.9938849824578413,0.0007952243063944625
0qrTH5AZVt,reject,0.0002532180705410115,0.016377941420262526,0.9821804895648599,0.0011883509443365995
0quBGOPP5V,reject,0.00026810307855099503,0.009302849488129445,0.989773780539332,0.00065526689398758
0rACj8JLAL,reject,0.0006007323699551219,0.14626357862427752,0.8493956505807393,0.0037400384250281817
0rS9o1uKqu,reject,0.0003296855308923076,0.008298179154631245,0.9905321455144921,0.0008399897999842441
0rmOx0Ifbf,reject,0.0002897748701880073,0.008345206282912503,0.990465043553052,0.0008999752938474794
0sJ8TqOLGS,reject,0.0004012577534327099,0.034486887336197085,0.9632590045782015,0.0018528503321686809
0sU4myabw1,reject,0.0005804907213627182,0.010562069257329422,0.9877924318832185,0.0010650081380891956
0sary0UZn5,reject,0.006184951390061571,0.20519377406566858,0.75662281062318,0.03199846392108972
0spR7wDwBh,poster,0.003418796474202253,0.632198164497511,0.3397020925317014,0.024680946496585282
0sr8bS4S2H,reject,0.00011769473895966161,0.0045373821397225195,0.9948859264218296,0.0004589966994880602
0tAXMiSufG,poster,0.014935761821732119,0.8232819325126116,0.07860251066750643,0.08317979499814976
0tAn34IkXI,reject,0.00014579506279401052,0.006228756240425858,0.9930198457908423,0.0006056029059377104
0tIiMNNmdm,reject,0.0023736146691119143,0.08807710146127837,0.9015082886505805,0.008040995219029267
0tMcsHsHgQ,reject,0.0005877035766281107,0.17717689460690939,0.8183933043142909,0.003842097502171682
0tXmtd0vZG,reject,0.0009909618753673004,0.054723908319060675,0.940847538284786,0.0034375915207860972
0uFTqvQhML,reject,0.0005446408560538025,0.019906156173104764,0.9779893211735442,0.0015598817972970636
0uRc3CfJIQ,reject,0.005339294127811056,0.44804181555617983,0.5122706908952095,0.034348199420799634
0vKokoPKTo,reject,0.00011491689987953228,0.002659935845875092,0.9969172452039814,0.0003079020502640744
0vMLqSdsKW,reject,0.0003185601482068877,0.018421247204633378,0.9802563254568042,0.0010038671903555387
0vtftmYQGV,poster,0.0017556978939627902,0.5181282167991055,0.46756016743476136,0.012555917872170252
0wQCSXJbwt,reject,0.00022701339293591918,0.00640175565280802,0.9928102363932543,0.0005609945610018018
0wfmHoKQX6,reject,0.0002152052653252773,0.012892214099273986,0.9862290288289756,0.0006635518064252754
0whx8MhysK,poster,0.006482810170704007,0.8356243062366497,0.037813650200488345,0.12007923339215797
0wmfzWPAFu,poster,0.005940423113062174,0.7306086207191829,0.2442756435510469,0.019175312616708084
0x8wWloW2O,reject,0.00011217194666590862,0.003776372064402313,0.9958072545676421,0.000304201421289697
0xUEBQV54B,reject,0.0005676269050828845,0.016797081478497847,0.9811222099118428,0.0015130817045763524
0y3hGn1wOk,reject,0.002841677251437294,0.2078764269165541,0.7794421136006542,0.009839782231354352
0yTf37PXcH,reject,0.002900115618713708,0.37668546782008533,0.6086701462369375,0.011744270324263412
0yVP49SDg0,reject,0.00014691929664698,0.004900319289985828,0.9945291785122543,0.0004235829011128444
0yXqV8VJKi,reject,0.0011290093401608728,0.1278097682048223,0.8640832886111459,0.006977933843870764
0ydseYDKRi,reject,0.0019495904087945902,0.1273270047309989,0.8569710172324783,0.013752387627728135
0yvZm2AjUr,spotlight,0.18716582913673394,0.34901785564457716,0.014955036606356508,0.4488612786123323
0zGvf2yRMQ,reject,0.00023792419121622206,0.013084245593293183,0.9856993362999403,0.000978493915550242
0zRuk3QdiH,reject,0.001127919987510176,0.24203616834805639,0.7493267642176789,0.007509147446754647
0zZEbHLTwf,reject,0.0001326451435489466,0.0037271310264091655,0.995745709048905,0.000394514781136811
0ziGSo4uWp,reject,0.000287090293924761,0.011647419785743305,0.9870841472619085,0.0009813426584236072
0zmHFyZwkA,reject,0.0004119736681021306,0.016419482445180923,0.9815840468054287,0.001584497081288434
107ZsHD8h7,reject,0.0006320381122794966,0.18857874831284205,0.807328464063545,0.003460749511333386
10DtLPsdro,poster,0.0021224375232121446,0.867018312638069,0.10856281516762425,0.0222964346710946
10JOlFIPjt,oral,0.34468846909485595,0.32107312231184193,0.02092016973057119,0.31331823886273097
10kBEqYKKN,reject,0.00015412522352777476,0.0028389428666427694,0.9965819286631589,0.00042500324667070786
10vaHIOdEe,reject,0.0005910880502603051,0.028777673450633357,0.9694133975003608,0.0012178409987453171
11xgiMEI5o,poster,0.058486308949377876,0.48192810529666164,0.03763121455672062,0.4219543711972399
12B3jBTL0V,reject,0.0014859909364465928,0.06877620449294948,0.9256391976371919,0.004098606933411972
12gMsxpu4G,reject,0.0003940479891148002,0.01162283034429173,0.9872856655118725,0.0006974561547210879
12iSWNLDzj,reject,0.00014145706527804935,0.0029594594057642566,0.9965865862784449,0.00031249725051288703
13G5KXm98a,reject,0.0005550001121653107,0.0560372761604937,0.940946754874134,0.0024609688532069088
13PclvlVBa,reject,0.0011257310296210307,0.032203868343046345,0.9628966789605711,0.0037737216667616093
14E7S17hFv,reject,0.0006955309379039642,0.025468758040836283,0.9713174025695748,0.00251830845168502
14fFV0chUS,poster,0.007776956644826657,0.7411265893822548,0.06627418318949876,0.1848222707834197
15ASUbzg0N,reject,0.0014187499797086542,0.41729115248619036,0.570712731072785,0.01057736646131594
15UetYngA7,poster,0.0034145061110266777,0.7241206619867251,0.23830085473993545,0.03416397716231273
15dVqf7VXR,reject,0.0002061008061926052,0.011670389592138125,0.9873879696173653,0.0007355399843038284
15lk4nBXYb,reject,0.0001815751484465854,0.003936629412757173,0.9954295542767628,0.0004522411620335242
16O8GCm8Wn,poster,0.0036582022508951004,0.8768105922682455,0.05072130719704179,0.06880989828381742
16kG5aNleS,poster,0.0016260066210948662,0.8313024319709713,0.14584225973409579,0.021229301673838075
1762Fbr4HK,reject,0.00023809821420132092,0.010181534308218373,0.9888770818186651,0.0007032856589152841
17U3nlco2r,reject,0.00015490252632335242,0.005002210597216889,0.9944832158984225,0.00035967097803728666
17idjbdHVW,reject,0.0002477004531893595,0.015318761015647782,0.9834582492860758,0.0009752892450870309
1959usnw3Z,reject,0.00010905610859601865,0.003409153925091339,0.9961528448114965,0.00032894515481626926
19QWQSsbOA,reject,0.0005169928245440726,0.03369915821144439,0.9633959963171617,0.0023878526468498434
19ufhreGTj,poster,0.0016005169128085913,0.774674609734272,0.21287555471226713,0.010849318640652045
1ABhAZCoGr,reject,0.0001564836239642717,0.004773641284998117,0.9946478126322315,0.00042206245880638016
1AYrzmDK4V,reject,0.00035521420493606293,0.019422121792901804,0.9790806360906942,0.0011420279114678347
1BdPHbuimc,poster,0.021447144582335844,0.7019628148540183,0.03939173762120871,0.2371983029424372
1BlEVFmqwn,reject,0.00017783181130451346,0.007728746155129518,0.991522542358234,0.0005708796753318389
1CIUkpoata,poster,0.004808082719070324,0.8645332622712146,0.10178780236684633,0.028870852642868837
1CLzLXSFNn,poster,0.11380445800469832,0.42911150543452936,0.06922846645830488,0.3878555701024675
1CRu6bGx25,reject,9.257072563481848e-05,0.005111252471248044,0.9944945655494709,0.00030161125364619066
1CeIRl147S,reject,0.00010445461608533795,0.003854709888240516,0.9957728142651108,0.0002680212305632083
1D3TjFidCS,reject,0.0002196551771895159,0.0061982296865265366,0.9930220112937289,0.0005601038425551904
1DEEVAl5QX,reject,0.0010127492737434347,0.028896847675677774,0.9676642735484652,0.0024261295021137806
1DEHVMDBaO,reject,0.00036782137938577117,0.012179668953546625,0.9866899586354804,0.0007625510315872825
1DIdt2YOPw,reject,0.0002189477247663836,0.004436063824395861,0.9947682229388326,0.0005767655120051656
1DVgysiIt7,poster,0.00281824664100127,0.8281907271025684,0.13633664702930873,0.0326543792271216
1EEst6oDU7,reject,0.0012780686524515267,0.16040776668177933,0.8327247204612606,0.005589444204508592
1EJIax7ekV,reject,0.001345197640505556,0.07040047784652799,0.9249201354212392,0.003334189091727334
1EnpStvBU8,poster,0.0023501876012046426,0.7972503452654413,0.1854765109571841,0.014922956176170116
1Euu8FPr3d,reject,0.0009733110632901073,0.05323134656966195,0.942736801630546,0.0030585407365020033
1ExfUpmIW4,poster,0.0018878222255943298,0.855496616138752,0.12377452493746033,0.0188410366981932
1F8xTfv6ah,reject,0.000927817192495482,0.06466100428712601,0.9315121326993422,0.002899045821036313
1FY1apsMxc,reject,0.0001914046790095071,0.006903726719572053,0.9921781466028919,0.0007267219985262999
1Ffzgglq2I,reject,0.00015636512104120502,0.005922962763409058,0.993438172931494,0.00048249918405577643
1FiMrJxPAM,reject,0.00014992008158330833,0.006212010683224952,0.993131073258006,0.0005069959771857968
1GIVx7COef,reject,0.00015838463587250124,0.00538323471068076,0.9940647741304866,0.000393606522960015
1GPN2oa7P7,reject,0.00038669325733447,0.009165191260706005,0.9896646210236976,0.0007834944582620393
1GTARJhxtq,poster,0.005856965589072423,0.844131084135661,0.05818486711172947,0.09182708316353712
1H90Gb9rJ9,poster,0.00855682075638262,0.7666839856617177,0.0913908467219496,0.1333683468599501
1HCN4pjTb4,spotlight,0.06069165114508285,0.38147193570845567,0.02031769560677086,0.5375187175396906
1HQZ4QFWi8,reject,0.00014808459499757631,0.006498644491704759,0.9928142332667901,0.0005390376465077333
1IeCqgULIM,poster,0.016803581688121547,0.7038690946700695,0.03080343516702378,0.24852388847478507
1Iq1qIsc2s,poster,0.0026571649256963105,0.6571771207812394,0.3216752338109929,0.018490480482071518
1Iu2Yte5N6,poster,0.0010149009425275874,0.8172140361560866,0.17441122449869564,0.0073598384026901595
1Iuw1jcIrf,spotlight,0.10851246975798458,0.2940734354402734,0.014485697554520244,0.5829283972472218
1IuwdOI4Zb,poster,0.017573870673262573,0.6849984387106631,0.04731340892456158,0.25011428169151273
1IwoEFyErz,poster,0.0022798813478399943,0.8536986762197013,0.12451716089896507,0.01950428153349365
1JgWwOW3EN,reject,0.0018627922052143388,0.03193200902295298,0.9623789434282739,0.003826255343558644
1JhSJIYX3p,reject,0.0002953262962830488,0.010019704918934582,0.9889406792700374,0.000744289514744975
1KLBvrYz3V,spotlight,0.15167539973406763,0.2778667086938306,0.024905299938792397,0.5455525916333093
1KvYxcAihR,reject,0.0026062064278554566,0.1616345130825896,0.8216489833797043,0.01411029710985067
1L52bHEL5d,poster,0.004610716318285114,0.800002801601882,0.15038542876785713,0.04500105331197588
1L9vdc7BB5,reject,0.001005222676583272,0.1532040930507438,0.8391028991142081,0.006687785158464923
1MHgMGoqsH,reject,0.00014932104238891714,0.004010579780622462,0.9953719120328568,0.00046818714413180334
1MjOlHwCE6,reject,0.0001552303036973032,0.003943898634660167,0.9955396249235037,0.00036124613813881074
1NYhrZynvC,reject,0.0001609520045642268,0.005464557593883452,0.9940022506941973,0.00037223970735479324
1NevL7zdHS,poster,0.002321740075517429,0.7902239912370315,0.19116717174371187,0.016287096943739057
1Njl73JKjB,poster,0.013680252938943366,0.6631935499309222,0.02994452944896634,0.2931816676811681
1NkrxqY4jK,reject,0.0005064741800339515,0.026547224455455373,0.9703402620151768,0.0026060393493340587
1NprT9Kz0d,poster,0.004589686838096899,0.7610217439724262,0.21001683168548782,0.024371737503989143
1Nwsqw0sTm,reject,0.00013818281275130507,0.015793329429984758,0.9835980575028984,0.00047043025436546823
1OGhJCGdcP,reject,0.00011185266756255549,0.006539827394965335,0.9928548690080893,0.0004934509293827985
1Ogw1SHY3p,poster,0.02676450482821986,0.5792569571976215,0.05657069003817198,0.33740784793598666
1OkVexYLct,reject,0.00028095866493690484,0.011825080698275234,0.9871993910197937,0.0006945696169942877
1OyE9IK0kx,reject,0.0011050207372786571,0.041965462793583576,0.954051191421966,0.0028783250471716617
1P6AqR6xkF,reject,0.00015344263340837273,0.004845876440153554,0.9945055096622126,0.0004951712642253987
1PDz4Ny1N2,poster,0.00561055927381743,0.8058606325798396,0.1310559752338758,0.05747283291246686
1PZt5nFlzH,reject,0.0001997839893006042,0.01939666619831305,0.9797162490734039,0.0006873007389823222
1Q2t6D4dK6,reject,0.000666139712377147,0.06055040178756264,0.9361068237765503,0.00267663472350993
1Qn1pMLYas,reject,0.0003616941756457548,0.016005325038317742,0.9825883304426404,0.0010446503433960582
1Qpt43cqhg,poster,0.06945083420595746,0.5918818340452987,0.05739295877431189,0.281274372974432
1Qq62mo8TW,reject,0.0002232761181397856,0.004348405180345495,0.9949173596644529,0.0005109590370617855
1R5BcYS8EC,poster,0.020824839804014398,0.5651161470585614,0.16305540147949957,0.25100361165792473
1RC3KtP1jT,reject,0.0021830167233727756,0.1441752166761685,0.8444208008187454,0.009220965781713344
1RNSYEEpwi,reject,0.0006756429839993312,0.02195851669934548,0.9758440921840408,0.0015217481326145535
1S7kpbfgq9,reject,0.0011044012688799037,0.03973176179900784,0.9551881710845073,0.003975665847604951
1S8ndwxMts,reject,0.00014644795836065525,0.003382080755268256,0.9960560032505439,0.0004154680358272645
1STZCCI8mn,poster,0.0024113956726131694,0.7471194645731913,0.20942138882000524,0.04104775093419027
1SYUKPeM12,poster,0.0066972915608174656,0.581516718919648,0.38610837834809203,0.025677611171442464
1T6HzuZMCz,reject,0.00013790901562841447,0.00405582476744579,0.9954231649817472,0.00038310123517863774
1TJSnL3ywS,reject,0.0006713621707258416,0.02202918178819619,0.974996749538092,0.0023027065029860533
1TXDtnDIsV,reject,0.0003038461453034088,0.015033018918987418,0.9837566975819941,0.0009064373537150992
1ThYY28HXg,poster,0.018530155566792123,0.6805368008587183,0.22534117764912584,0.07559186592536384
1UMxtR9Eb9,reject,0.0021236519287037374,0.47732974796064265,0.5042679041504844,0.01627869596016919
1Uem0nAWK0,reject,0.0002925085095359631,0.020243322654145728,0.9783124920180432,0.0011516768182750835
1V28zvLJMg,poster,0.0015203909175398596,0.6437478133543444,0.34367105283524135,0.011060742892874474
1VwWi6zbxs,poster,0.002387460404511731,0.515109022317656,0.45746579143780974,0.025037725840022628
1W6oINj8ne,reject,0.00025354387462873956,0.007046675786144862,0.9919276805582199,0.0007720997810065894
1X1R7P6yzt,poster,0.004081869459948873,0.8489392093723135,0.09082869294862135,0.05615022821911634
1X85iw7tqY,reject,0.0026409002118896858,0.11069171039846272,0.8752118081565832,0.011455581233064515
1Xg4JPPxJ0,poster,0.0019904053975310786,0.7784258242886498,0.19776492611559482,0.021818844198224382
1XxNbecjXe,reject,0.002752513647099307,0.24043763270540827,0.7467900099265453,0.010019843720946926
1XzTxtezgj,reject,0.0001825446672605282,0.00798285505520413,0.991348860497621,0.0004857397799143064
1Y5hMMuCFU,reject,0.0010468380855394443,0.13673622549524453,0.8565749750430189,0.005641961376197064
1YTF7Try7H,reject,0.000791287208161516,0.05986429632673235,0.9356484624359884,0.0036959540291176245
1YXkDXIqVw,reject,0.00014687328139133314,0.005225322814456914,0.994189502701046,0.00043830120310578863
1YYp1rPRlm,poster,0.0020532904952175537,0.5320111108761506,0.4525917281452235,0.013343870483408295
1YZw3RK2kg,reject,0.00025690737042187895,0.006301490475909159,0.9929336938697,0.0005079082839690314
1YlfHUVq7q,reject,0.0023468987249944282,0.17880242454569512,0.8106795859894464,0.008171090739863964
1Z3C49JQVf,reject,0.0028274316663000672,0.4030721913201815,0.5705294133013669,0.023570963712151644
1Z6PSw7OL8,poster,0.0017735166007190643,0.9140641941185432,0.05911693720036292,0.02504535208037492
1ZAqAmK6BM,reject,0.0012178852248633922,0.07916032312721753,0.9138650018802287,0.005756789767690378
1aF2D2CPHi,spotlight,0.13524336639372372,0.32963992993939767,0.03295432102195673,0.5021623826449219
1auB9yeB9a,reject,0.0013651622048631165,0.3425914105823779,0.6436366174405348,0.012406809772224327
1c73HCZpbo,reject,0.00040923102803537776,0.013251682964873192,0.9848888393887046,0.0014502466183867822
1cM0yQe3pO,reject,0.0006478619021679272,0.03732031422039976,0.9593709971302966,0.0026608267471357606
1ctV3yry3B,reject,0.0001449809025957808,0.003992227487866309,0.9954614082314455,0.00040138337809245324
1d8Egv45of,reject,0.0010175543378407078,0.1332254035855582,0.8616728853811014,0.0040841566954996494
1dDxMPJy4i,reject,0.00011682558857321257,0.004111891705259772,0.9953762600215948,0.0003950226845723451
1dUdNzLJRF,reject,0.0020418693706474255,0.22465346032690806,0.7658784696886454,0.007426200613799026
1dkL3MVBfV,reject,0.00100947321801772,0.049663866687328355,0.9450771816309779,0.004249478463676104
1dkVCX4jlH,reject,0.0035648746198275604,0.2548322040060713,0.7208688457625771,0.020734075611523906
1durmugh3I,poster,0.02439025387116465,0.7410648656171576,0.030309324241718134,0.20423555626995965
1e5fX6X44w,poster,0.001599356063870314,0.5877320648522222,0.398058901881203,0.012609677202704487
1eI236MqEA,reject,0.0005359318213451031,0.015958226878977372,0.981808385300342,0.0016974559993356167
1eMbYu0841,reject,0.00019467612786148224,0.012293436173194004,0.9868106901286976,0.0007011975702470467
1eQT9OzfNQ,poster,0.01893038223380122,0.5835471284374151,0.0341520720495025,0.3633704172792811
1ebgtm7P10,reject,0.00013822172696116846,0.004776762760541838,0.9946506498427999,0.0004343656696971961
1epaSm9QRs,reject,0.0005410617619529713,0.008357265462153835,0.9897310636949564,0.001370609080936708
1fC4ytCAgb,reject,0.00014879774979944786,0.00535939119209276,0.9940797890367893,0.0004120220213186749
1fwZJzGdKj,reject,0.002221437137528616,0.1649183205437273,0.8208611833806834,0.011999058938060518
1g4s7ME93g,reject,0.0005459684108638803,0.03272352553541572,0.9648708272851005,0.0018596787686200008
1gqR7yEqnP,reject,0.0001860875668222274,0.0037765965894113666,0.9955489652728711,0.0004883505708954873
1hQKHHUsMx,poster,0.016798497367793205,0.6833032771858314,0.06577399875481095,0.23412422669156444
1hT2fsHbK9,reject,0.0004859673885518569,0.03301175296917633,0.9645096526313478,0.0019926270109240207
1i6lkavJ94,poster,0.0012937897759146989,0.6201854076731117,0.35959952906267545,0.018921273488298113
1iuaxjssVp,poster,0.07789947054711273,0.5480539396380028,0.03228239499735983,0.34176419481752474
1jcnvghayD,poster,0.05884428819323495,0.5485716979174527,0.026267293920746105,0.36631671996856624
1kFDrYCuSu,poster,0.004198630481831953,0.8717433844225854,0.06110672380306807,0.06295126129251458
1kMTJnqmyl,reject,0.0010671672937932343,0.038742651540564624,0.9561586145362061,0.004031566629436196
1lB5ErmIY0,reject,0.001361216001399442,0.20371423797839786,0.7875034017353512,0.007421144284851521
1lFZusYFHq,poster,0.0015360878154718697,0.8159273192595358,0.15987465764885264,0.022661935276139685
1mMjZvEhwH,reject,0.0001725266991617522,0.0044752599057364985,0.994913748360224,0.0004384650348776269
1mXufFuv95,poster,0.0671076559067389,0.6549385028175384,0.03829008150871549,0.2396637597670072
1nHQRsb3Ze,reject,0.0005838012155413714,0.019697898088645787,0.9783267458292616,0.0013915548665511524
1o3fKLQPRA,reject,0.0001644954062225281,0.009751989303204922,0.9896156231778378,0.0004678921127348369
1oIXRWK2WO,reject,0.0003227593025935432,0.015277150054666594,0.9831095565583685,0.001290534084371335
1olDGAXncb,reject,0.00032614270779756467,0.010860192280211421,0.9880622709476171,0.0007513940643740111
1ou5noWgHM,reject,0.0008059088262987949,0.15200842131349673,0.8436197459736817,0.0035659238865226486
1p6xFLBU4J,poster,0.0034260301204729242,0.8718274888835412,0.1050194724422618,0.019727008553724026
1pXzC30ry5,spotlight,0.02789981347146721,0.2279987227672338,0.015933217257415453,0.7281682465038837
1poUSIGSCI,reject,0.0002232761181397856,0.004348405180345495,0.9949173596644529,0.0005109590370617855
1qGkuxI9UX,poster,0.007484726338807472,0.6629616696067548,0.2733376119326106,0.05621599212182702
1qP3lsatCR,spotlight,0.06342487504770658,0.41684002342903215,0.02166963231706741,0.4980654692061937
1qbZekXGrp,poster,0.002266286408144168,0.8314529615687734,0.11512019208994445,0.05116055993313797
1qgZXeMTTU,poster,0.014320007219763297,0.862778307657294,0.06629389260861483,0.05660779251432779
1qq1QJKM5q,reject,0.002074130643255852,0.27534691623598806,0.6981727447340725,0.024406208386683413
1rg56KzwsS,reject,0.00011174210369211829,0.004057579784150083,0.995540307325238,0.00029037078691982897
1t1YSuBv3T,reject,0.0002582990996213067,0.023500723645916294,0.9753144770690204,0.00092650018544184
1tBvzOYTLF,reject,0.0024831213351748887,0.348101803927997,0.6387134292798289,0.01070164545699918
1tZLONFMjm,reject,0.00011196429987796122,0.004274620763918319,0.99526042559224,0.0003529893439636239
1uLW9eYNJB,poster,0.006906141172111801,0.8194163682032561,0.09619594483366796,0.07748154579096425
1upXwlEW8y,reject,0.004580130202394059,0.4825114978337088,0.48284753188137725,0.03006084008251981
1v7SRWsYve,poster,0.002256147654139105,0.7628343062701186,0.20648016179713818,0.02842938427860417
1vggIT5vvj,poster,0.002620133065428784,0.8721152280319729,0.05711340993917011,0.06815122896342822
1vjMuNJ2Ik,reject,0.00015506743359158755,0.004085990712794144,0.9952956731875099,0.00046326866610445076
1vrpdV9U3i,poster,0.010743392741579488,0.76224255605676,0.11634965277343871,0.11066439842822197
1wRXUROlzY,reject,0.00034868629167345233,0.018728537654162894,0.9798682027202468,0.0010545733339169727
1waeKNeQzG,reject,0.002109138757844959,0.20031535511384543,0.7897875071157139,0.007787999012595692
1x1gGg49jr,poster,0.0038753033434288345,0.8282989798700524,0.059111372586043806,0.1087143442004749
1xG3MN1RRW,reject,0.0030142901284143254,0.23003234247250218,0.7578293455226017,0.009124021876481838
1xzqz73hvL,poster,0.011358318169399072,0.5595950512203226,0.06091467854847805,0.3681319520618004
1yJ3IDpb1D,reject,0.00021252709192053884,0.009263069026261428,0.9896233366237727,0.0009010672580453801
1yJP5TVWih,poster,0.0009482759550200125,0.768297107208979,0.21290146445159264,0.017853152384408454
1ymGFnxfVB,reject,0.0003616686092912177,0.020167533586924094,0.9781787896420081,0.0012920081617765957
1z3SOCwst9,poster,0.003948233920879468,0.817147514276388,0.11301518565668325,0.06588906614604942
1zDOkoZAtl,reject,0.0005211219423296298,0.010352523861884944,0.9879941888122409,0.0011321653835445911
1zgil8py5o,reject,0.0008557386368491036,0.04114337218329796,0.9557182354258245,0.0022826537540284776
1ziPqVsDLc,reject,0.0007332224776614062,0.17602419218891552,0.8192764919613018,0.0039660933721211685
1zuJZ1jGvT,reject,0.0027170117896408745,0.09836956131145802,0.8893844211062846,0.00952900579261644
204sPiwBbB,reject,0.0011162430602230898,0.03779631883405676,0.9578052931095827,0.0032821449961373144
20mMK8UlFh,reject,0.00015708520756809713,0.008825211589825743,0.9905982739351646,0.000419429267441528
20qZK2T7fa,poster,0.004511718203225142,0.7892948712847043,0.15827270050744982,0.047920710004620726
21rSeWJHPF,poster,0.0031898868519847404,0.6828331648966293,0.29405616263633294,0.019920785615052915
22ywev7zMt,poster,0.0013294248277950955,0.5273532698670442,0.46530676836320417,0.00601053694195643
23uY3FpQxc,poster,0.007349698252273269,0.7800288219396928,0.09191603567502898,0.12070544413300494
246rHKUnnf,poster,0.001560387417517722,0.8629940299996363,0.12082829029654275,0.014617292286303245
254NJe9JEw,poster,0.0024786455441655982,0.5441784469878391,0.42950629547571895,0.023836611992276456
