submission_number,pred_status,proba_oral,proba_poster,proba_reject,proba_spotlight
6845,reject,0.0001732831173318298,0.14207583395300713,0.8567341777611666,0.0010167051684944058
21857,reject,4.043097582133892e-05,0.008065880843384424,0.9917721998019454,0.00012148837884877117
14292,reject,1.884774771164062e-05,0.01211391392867212,0.9877730666530968,9.417167051956587e-05
9157,reject,3.327078692648658e-05,0.005793170928041765,0.9941029820006834,7.057628434827798e-05
19036,reject,0.00012570745420277445,0.14215688632523596,0.8572387013605793,0.0004787048599818806
1711,reject,0.0004255932238412498,0.30697287421220143,0.6909348920391517,0.0016666405248056666
20949,reject,6.160359706131296e-05,0.012519570836936236,0.98719910296453,0.00021972260147254098
19416,reject,0.0011976074445118245,0.36422561211026927,0.629832829016258,0.004743951428960872
5782,poster,0.014390532769679373,0.8156417101165623,0.06586048004475631,0.10410727706900197
18276,poster,0.0009897927309095757,0.7157009465128946,0.27894037135916394,0.004368889397031882
2669,reject,4.564013560237492e-05,0.011660929251062923,0.9880603939354873,0.0002330366778475376
6759,reject,4.551685292863665e-05,0.009043691406571547,0.9906992077669499,0.00021158397355005814
7389,reject,4.5590955271783994e-05,0.016250389588519782,0.9836011006812495,0.0001029187749588191
9918,reject,0.000640812384623372,0.4750220114746816,0.5208947342531031,0.0034424418875919805
17048,reject,5.753652402924963e-05,0.016283426052397926,0.9833738979655969,0.00028513945797583906
22991,poster,0.0023483739321183738,0.6767712410529639,0.31441562234864145,0.006464762666276083
11167,reject,0.0003080495703252931,0.15014230643744603,0.8479392297988367,0.0016104141933919324
525,reject,1.2445333532935071e-05,0.003650226944255709,0.996291156390527,4.617133168431741e-05
19723,poster,0.02786179321595263,0.66997592627692,0.14998096140853473,0.15218131909859273
3835,poster,0.032074201371147984,0.756235060725451,0.04138460340359005,0.17030613449981094
,reject,5.4550911699174717e-05,0.014469020308761326,0.9852491175008653,0.0002273112786742759
2804,poster,0.0009257933545451985,0.5329340199758206,0.4586193337459978,0.007520852923636407
23149,reject,0.00020529458420673376,0.11476013678926725,0.8837760485945751,0.001258520031950726
1461,reject,0.0004474089612673966,0.2483464390673122,0.7488985785268909,0.0023075734445295085
13133,spotlight,0.2765326996312275,0.21872330935802753,0.04538498658656478,0.45935900442418015
23926,reject,0.00011150100215421874,0.027208270774699013,0.9722080158541351,0.0004722123690118363
13150,reject,4.274985068640242e-05,0.012627278581530536,0.9871975089142874,0.00013246265349554936
3349,reject,3.0775164893979163e-05,0.008854820893462427,0.9909295369392204,0.00018486700242325904
9695,reject,1.9534108868096107e-05,0.0020090516991600554,0.997930084164828,4.133002714373965e-05
13771,reject,1.1560979144832824e-05,0.0023364003043077146,0.9976013865324844,5.065218406298938e-05
3367,reject,1.3150147010876853e-05,0.002167167785271392,0.9977766480428903,4.303402482743942e-05
7123,reject,2.738762951655608e-05,0.02071951843075235,0.9791141377692341,0.000138956170497133
18854,poster,0.05625308201384801,0.6378691154165775,0.0686397155242993,0.23723808704527513
8619,reject,4.658086598752131e-05,0.01055850348352308,0.989181335280395,0.00021358037009447877
23238,poster,0.0033653734447478194,0.6429476039208916,0.3480375116854713,0.005649510948889289
18976,reject,0.0003163585865358014,0.009468514293213041,0.9898016566361754,0.0004134704840757158
4933,poster,0.01810617192205322,0.802971978713186,0.12346876559882643,0.055453083765934386
15935,reject,0.00018504892727783898,0.0410280903791378,0.9578222102642254,0.0009646504293589373
6408,reject,1.501026175741791e-05,0.0030552543010067858,0.9968545623558157,7.517308142005563e-05
9930,reject,1.3931508280013028e-05,0.003943803663065896,0.9959734659989025,6.879882975147731e-05
2942,reject,2.5135801531639582e-05,0.011179728977390882,0.9886866597559616,0.0001084754651159327
903,oral,0.512814285255062,0.10698491631871294,0.04148276511818701,0.338718033308038
16593,reject,1.637286350911928e-05,0.0032453123202447276,0.9967022629602496,3.605185599665206e-05
308,reject,5.482813535356959e-05,0.015370192372638848,0.9843915854536449,0.0001833940383627261
10412,reject,5.271856574000951e-05,0.007612603180381064,0.9921329725374815,0.00020170571639756054
7273,reject,6.238041152229772e-05,0.034781426436596916,0.9647518258549606,0.0004043672969204177
16826,reject,0.0009247217885216337,0.403618165803611,0.5912228891105106,0.004234223297356792
12955,reject,0.001011970270704296,0.3524985348618511,0.6410106749153357,0.005478819952108906
23801,reject,2.8065192891203274e-05,0.0205601894309781,0.9792554811800142,0.00015626419611641112
11483,poster,0.013463417219036211,0.8260827404791237,0.10894821825219585,0.051505624049644386
11148,poster,0.00274091528857699,0.7678872131966117,0.21603256869023943,0.01333930282457189
12551,reject,0.00010523315315291922,0.03455633511497703,0.9648965137839373,0.00044191794793288757
14192,reject,3.6332771552460495e-05,0.009357194837566361,0.9904688284230274,0.00013764396785363552
13925,poster,0.0006099183672891144,0.5418034663532946,0.4540997108075509,0.0034869044718653245
22893,reject,7.524027263326253e-05,0.021617731646480887,0.9780257611919643,0.00028126688892155996
9620,poster,0.0011921707406385628,0.5297004202105675,0.46273447836928466,0.006372930679509347
5050,poster,0.003025052265429954,0.8412901043481325,0.14525438665116647,0.010430456735271149
24843,reject,0.0005271312530717033,0.18785721615416506,0.8096824167702352,0.0019332358225279268
2528,reject,2.8100142707413058e-05,0.003648169120354785,0.9961815400794186,0.0001421906575192405
3011,reject,2.8102882428663556e-05,0.0023855039882237977,0.9974040039248699,0.00018238920447760155
4954,reject,0.0005867891672379611,0.24671185732547213,0.7484569001804665,0.004244453326823426
23289,poster,0.004134295174367881,0.6293503920048279,0.34605168989532575,0.020463622925478396
16151,poster,0.00392519598638516,0.8768640915131154,0.09061480147632438,0.028595911024175164
15017,spotlight,0.09052877107682264,0.33568341086417514,0.028201867073719702,0.5455859509852825
8996,poster,0.008026669587277794,0.866041402787779,0.0784584478597195,0.04747347976522366
19944,poster,0.02162673307997398,0.780034150517703,0.07248964577244263,0.12584947062988042
10880,poster,0.0034648297033546376,0.5225609803331107,0.46867614968806126,0.005298040275473339
272,poster,0.0037482848567349856,0.8048047439951387,0.17253970690397272,0.01890726424415362
7858,poster,0.0007010497311305919,0.557622070622369,0.4387383003864339,0.0029385792600664863
9221,reject,0.00011891880981321554,0.02583419700338931,0.9734441554266637,0.0006027287601336975
20343,poster,0.029120388667260258,0.6878685780522512,0.22745609969542657,0.05555493358506197
3621,reject,1.8496620368550313e-05,0.011423336871081137,0.9884847219297056,7.34445788446965e-05
21809,reject,3.935360906102872e-05,0.009606900531370663,0.9902190480963464,0.00013469776322171893
19298,reject,5.6702594335793464e-05,0.027772240092282036,0.9719215578381093,0.00024949947527289296
4298,poster,0.023292009090272223,0.8477035016495665,0.09008492248785904,0.038919566772302114
22272,poster,0.013784441570075506,0.828041316495532,0.08154404254847984,0.07663019938591266
5183,reject,0.00015479558560117435,0.03392624439328793,0.9654110931674664,0.0005078668536444788
19599,reject,4.48465147656648e-05,0.008843489257469158,0.9908902368381657,0.00022142738959950417
2183,poster,0.0010274714915645823,0.5519367413362856,0.4393925464588522,0.0076432407132977255
24657,poster,0.0017192930031985874,0.53266030066579,0.4614377210634598,0.004182685267551671
23410,reject,2.318068478805277e-05,0.0055943653118546354,0.994302952208494,7.950179486347395e-05
11055,poster,0.0011988344266277236,0.5018921697646006,0.49320100536227407,0.0037079904464976153
17956,poster,0.041255526802555606,0.7040703218969431,0.05337462003916602,0.2012995312613352
2610,reject,3.849262480701995e-05,0.0068537768274271466,0.993006577591535,0.00010115295623091156
24104,reject,0.00021476373114926164,0.13995422959960135,0.8588227191634078,0.0010082875058415458
2713,reject,0.00039082408045863174,0.06951381490092592,0.9256373295165871,0.004458031502028307
16919,poster,0.01961770558138823,0.7405279034139465,0.07693414828172115,0.16292024272294425
24471,reject,4.868606564944733e-05,0.019421642027383543,0.9803350571513957,0.0001946147555713458
10135,poster,0.001718257422221978,0.820195980690788,0.16434998381602026,0.013735778070969516
217,reject,2.3783636998845106e-05,0.0056995353255808925,0.9941488961955478,0.00012778484187250322
15897,reject,0.00011109191700214049,0.03163739822988273,0.967827078821191,0.00042443103192393877
10053,reject,4.734333039748929e-05,0.003457498569823212,0.9962933662452605,0.00020179185451877634
16659,reject,9.893122695342001e-06,0.003127898494344116,0.9968199345515042,4.227383145625774e-05
5038,reject,3.437984813305662e-05,0.015762641914979374,0.9840139129468691,0.00018906529001827497
11921,reject,0.00023862013962721855,0.12412787361055264,0.8741952966036325,0.001438209646187739
5674,poster,0.01336469305681197,0.8963606930800576,0.05258802188331371,0.0376865919798167
25449,reject,7.707226651853035e-05,0.0034276806691582165,0.9963489557127856,0.00014629135153753584
13998,poster,0.001015004968603986,0.5762875305877095,0.41820222096698195,0.004495243476704546
18485,reject,1.0863568580060523e-05,0.002325913978472003,0.9975994648482911,6.37576046568622e-05
16981,reject,7.885744386437788e-05,0.03363205315919184,0.9659531125960614,0.00033597680088229504
3629,poster,0.007715151012461774,0.9050327989807624,0.054804874163108995,0.03244717584366711
14431,reject,2.294029265711419e-05,0.004228658797512916,0.9956817446029768,6.665630685314083e-05
2552,reject,3.866513796058867e-05,0.0015169914190157443,0.9983335294194214,0.00011081402360216766
17639,reject,0.00011616627388615797,0.03230516374316882,0.9669931971235523,0.0005854728593928445
4737,poster,0.007295328980737592,0.6922644764442918,0.272520009011867,0.02792018556310353
13460,reject,5.695584429577687e-05,0.023043311892020166,0.9766867016535193,0.00021303061016461893
5409,poster,0.004842268364766216,0.8114447547151434,0.16365817054714057,0.02005480637294983
8147,reject,1.333002079998032e-05,0.002549748939668196,0.9973869443904805,4.9976649051242145e-05
21838,reject,2.2046664692492848e-05,0.008288409637323352,0.9915913887531296,9.815494485459387e-05
18263,reject,0.00016664924547982743,0.03947120037433558,0.9598850215158071,0.0004771288643776101
20069,reject,3.988307349693677e-05,0.009170237215527963,0.990668893694411,0.00012098601656399986
22896,reject,1.5399060100618685e-05,0.004725679720636862,0.9951702718609636,8.864935829883227e-05
22663,reject,2.1364799628596685e-05,0.006876996655879943,0.9930174691820268,8.416936246470381e-05
7283,reject,3.085790267884693e-05,0.009311203596586413,0.9905489042079353,0.00010903429279941869
9941,reject,3.677466675199369e-05,0.017543338435878034,0.9821781574980492,0.00024172939932082523
7653,reject,1.48490259931305e-05,0.0026470143313659564,0.9972560807544879,8.205588815306878e-05
22227,reject,4.944207772936935e-05,0.013638569678208683,0.9860915904184975,0.0002203978255644936
1839,poster,0.028552272074375145,0.7697192796974708,0.07477607135521792,0.12695237687293615
,reject,0.0004674158708549521,0.22298379683455075,0.7748855173635569,0.001663269931037419
12501,poster,0.012605779608163527,0.8510034027556445,0.048578673414021306,0.08781214422217055
6447,reject,0.000252185352067132,0.20589397109117402,0.792739308639552,0.0011145349172069984
897,reject,5.519087451114893e-05,0.014617838369045464,0.9850851596667737,0.0002418110896697097
17319,reject,5.862152337340472e-05,0.011603238035855463,0.9881274962636066,0.00021064417716448435
17547,reject,2.1155953215009224e-05,0.0074749617182400105,0.9924112696315067,9.261269703819812e-05
24376,reject,0.00016397212307482666,0.0490280154819794,0.9498175646133972,0.0009904477815484744
25400,reject,0.00011276066641724112,0.03876853095871103,0.9604758706075475,0.0006428377673242807
7837,reject,0.00021720086962815483,0.02427657223406255,0.9746045383433914,0.00090168855291773
7664,reject,2.6598605986305798e-05,0.002842055362006604,0.9970291362466913,0.00010220978531582597
8583,reject,1.3566511656017532e-05,0.003896499087554841,0.99601858719009,7.13472106992568e-05
14114,reject,4.169706119878924e-05,0.007051927629027154,0.9927786963344574,0.00012767897531664425
18382,reject,8.628204872512938e-05,0.03594028885943218,0.9636346445224836,0.00033878456935923783
22990,reject,2.1044401250487735e-05,0.0041100921596987075,0.9958105125445568,5.8350894494138436e-05
12,reject,4.586912398053294e-05,0.01662117152704979,0.9831675081969481,0.00016545115202164256
15431,reject,3.741056182358086e-05,0.022556857813908867,0.977206250598465,0.00019948102580260034
19983,poster,0.003492098925234879,0.8285302438564984,0.1452859542410413,0.022691702977225343
10932,reject,0.00010836124436294942,0.02651716551141602,0.9730726867749752,0.00030178646924584315
2808,poster,0.01599475811815797,0.9085531378615462,0.03748614247688369,0.03796596154341203
12740,poster,0.0091398582004129,0.7293761060298719,0.22800046046917222,0.033483575300543064
3786,reject,0.00016528789514510338,0.18727535215341898,0.811801084371942,0.0007582755794938893
12866,reject,7.277108955210252e-05,0.016974407523975606,0.9827066235348492,0.00024619785162307493
1989,poster,0.003199332833892674,0.6796145156018417,0.3115688453837756,0.005617306180489923
7896,reject,0.00023849928311654533,0.0532593052338205,0.9459269675841097,0.0005752278989533736
3439,reject,1.409481429001617e-05,0.0017558875734383285,0.9981894993693899,4.051824288168135e-05
13435,poster,0.010371221160809702,0.8556162885987375,0.07082041660183103,0.06319207363862178
9571,poster,0.0025499430267062083,0.5095373905719721,0.4773150216044595,0.010597644796862305
23596,reject,5.6006396753257674e-05,0.007174268550540984,0.992661486099127,0.00010823895357875211
15672,reject,8.673847835215825e-05,0.011382007602434942,0.9882348435370473,0.0002964103821657444
17797,reject,0.0015174565765860661,0.4800061717991906,0.5154758333569203,0.003000538267303091
18386,reject,5.238180066592334e-05,0.026769910929064136,0.9729369060190172,0.00024080125125273337
,poster,0.004253326320292958,0.6100526318967877,0.3733998212994087,0.012294220483510677
14856,spotlight,0.07518655585318317,0.34937592730095113,0.0701318010713687,0.505305715774497
2854,reject,2.0522922685615047e-05,0.0039858348746503805,0.9959037215608465,8.992064181743077e-05
8282,reject,3.4378405655421074e-05,0.0008527458322224749,0.9990541434434357,5.873231868640263e-05
12763,poster,0.004146861489443966,0.6077537470567409,0.3790052031408217,0.0090941883129935
5162,reject,3.337035096490641e-05,0.02209246955716633,0.9776332120467219,0.00024094804514693965
24441,poster,0.0027646046993524413,0.5324590596923674,0.45844598147557253,0.006330354132707491
1486,reject,0.00015677946875267007,0.10557305191190301,0.8930008129757602,0.0012693556435841703
18506,reject,4.7259841962730895e-05,0.019798376656059703,0.9799887791524596,0.0001655843495179276
20719,poster,0.01549124836369992,0.8069681826701384,0.1337186843730187,0.043821884593142936
16883,poster,0.0011094166176830894,0.57808197305524,0.4076611036980953,0.013147506628981715
9253,reject,0.0002714808840732922,0.31023159206523543,0.6872540828863962,0.0022428441642951724
3415,poster,0.004829840315767885,0.816775517396265,0.1521994263013372,0.026195215986629973
17435,poster,0.0007270965670294595,0.537101604126083,0.4570708127015608,0.00510048660532692
10584,reject,4.519508608442813e-05,0.006347559688000089,0.9934530976785404,0.00015414754737510345
25317,reject,1.7859233522814363e-05,0.0033032846458993363,0.9966257237578313,5.3132362746500256e-05
16188,reject,5.9722488769463354e-05,0.013494400505430455,0.9862887706821296,0.0001571063236705718
4842,poster,0.007353475443316669,0.7555114025938875,0.20885898292712857,0.028276139035667284
17932,reject,0.00022308709501197516,0.04674926942738434,0.9518201448762584,0.0012074986013453667
5608,reject,6.648421973951914e-05,0.031121083728132163,0.968363632352614,0.00044879969951436505
4274,reject,3.4378405655421074e-05,0.0008527458322224749,0.9990541434434357,5.873231868640263e-05
23538,reject,0.0001729163938061236,0.12372032624241794,0.8750255205523102,0.0010812368114658623
7398,spotlight,0.18707819339657192,0.21191454153620118,0.04145946151250692,0.55954780355472
12253,reject,2.840353925997535e-05,0.011821313808400187,0.988034314588315,0.00011596806402490685
14055,reject,0.00021582865305761533,0.027156113269349715,0.9715636681299568,0.0010643899476360625
4768,reject,2.677308051223935e-05,0.012721292171743047,0.9871132978437906,0.0001386369039540733
14660,reject,4.329897105447311e-05,0.013713296663099526,0.9860690370180341,0.000174367347811993
8153,reject,2.1503849356295525e-05,0.001536138037890087,0.9983757497910386,6.660832171506111e-05
13317,poster,0.0009935267411102992,0.6544500279620811,0.33396090334639045,0.010595541950418307
7728,reject,2.7736731790784183e-05,0.0138001938886497,0.9860381729089208,0.00013389647063876295
22845,reject,0.00025593750106460916,0.016095644202411677,0.9831152525369948,0.0005331657595288618
15043,reject,0.000262938035481273,0.10690853844282379,0.8920586036653813,0.000769919856313816
9744,reject,0.0009340453924021502,0.2885151399939676,0.7060426879431827,0.0045081266704476335
21745,reject,9.442301495292996e-06,0.00154292343013313,0.9984030315494312,4.460271894040557e-05
21197,reject,1.340303110536775e-05,0.0029706616402951336,0.9969696186862637,4.631664233580496e-05
12710,reject,0.0006953750420446184,0.04424863216998779,0.9520000567907393,0.003055935997228097
,reject,9.84505463786583e-06,0.0012989858622972064,0.9986389314581873,5.223762487769817e-05
3799,reject,1.3611099841377876e-05,0.002351883599945089,0.9975422905961616,9.221470405195277e-05
22013,reject,5.2643044535542914e-05,0.012844911391322085,0.9869028453943977,0.0001996001697446466
2960,poster,0.01050165023750883,0.7793330894062034,0.18123420669434764,0.028931053661940116
19968,reject,5.649214068112752e-05,0.01956712677052915,0.9799956962812254,0.00038068480756430953
16046,poster,0.0027943088994673336,0.8395840526514311,0.1318793920168069,0.02574224643229476
,reject,6.005840541380389e-05,0.007646733483542685,0.9920911363246384,0.000202071786405108
4495,reject,3.98800161683422e-05,0.013365923704073794,0.9864395537646745,0.0001546425150833781
8908,poster,0.0023972783155541692,0.7613140835697209,0.22892460104258927,0.00736403707213578
24900,reject,1.179632185757271e-05,0.00224600356784615,0.9977023483176855,3.985179261079086e-05
23126,reject,5.741542259264777e-05,0.03345469115365006,0.9661536400971091,0.0003342533266483563
21335,poster,0.010352258112525674,0.7967780463766654,0.17039220410604813,0.02247749140476086
23614,reject,3.4378405655421074e-05,0.0008527458322224749,0.9990541434434357,5.873231868640263e-05
7570,poster,0.0021516641245431815,0.6466717998413717,0.33971887500784786,0.01145766102623735
18335,reject,9.151893635011245e-05,0.04785105600015053,0.951817165562254,0.00024025950124526374
18244,poster,0.03618775652097367,0.810403637315143,0.04147769224678675,0.11193091391709672
9450,reject,9.183609222749434e-05,0.08697716814258423,0.912573712719352,0.0003572830458363577
17052,reject,6.966459673682234e-05,0.033238878508729856,0.9662468170808948,0.0004446398136384942
5156,reject,0.0012582625388584592,0.20537309183474792,0.7882520180119946,0.00511662761439905
4979,poster,0.018111707196610698,0.8624246674542323,0.05752548791252132,0.06193813743663593
1796,reject,3.516801299465931e-05,0.009945921992787536,0.9898705121435742,0.00014839785064360737
20957,reject,2.8688502058419778e-05,0.008529737584101313,0.9913023747838352,0.00013919913000524494
22484,reject,0.00011575365365578057,0.03568739465649985,0.9635624651697089,0.0006343865201353443
9621,poster,0.00726803224104076,0.8090246063774359,0.14500162948414788,0.038705731897375625
12076,reject,2.634781876968327e-05,0.011328022882028365,0.9885037461230598,0.00014188317614215827
23607,reject,3.79752903723493e-05,0.004968111422215103,0.9948794212466452,0.0001144920407674488
5232,reject,3.471473176729956e-05,0.016945408971474812,0.9828841675662401,0.00013570873051782967
11179,reject,2.6477989181048823e-05,0.013168179330525805,0.9866834552642595,0.00012188741603370715
12938,reject,5.225271880644135e-05,0.013627169661234539,0.986075758502477,0.0002448191174819565
23970,poster,0.006954384776941613,0.7984939095052278,0.1721936322448438,0.022358073472986673
4819,reject,9.864819988642712e-06,0.002674378922446895,0.9972657032762077,5.005298135689272e-05
352,reject,7.196677438182417e-06,0.0021652536056533268,0.9977994449898127,2.8104727095680404e-05
2750,reject,5.555944209371986e-05,0.028230563854090573,0.9715116957076962,0.00020218099611947154
3008,reject,1.6905072644642145e-05,0.0010949658421675536,0.9988489601283994,3.916895678825234e-05
4932,reject,0.0005865186358279362,0.36186225179162423,0.63508447920998,0.0024667503625678006
12686,reject,6.910247303077813e-05,0.030452614191692744,0.9689872936058308,0.0004909897294457917
2053,poster,0.002276944950085766,0.7411823121843557,0.23899974733979507,0.017540995525763447
22370,reject,1.9944574991929403e-05,0.0026938985669121714,0.9972291694438922,5.6987414203867983e-05
6449,poster,0.004135834707192143,0.7747910143533556,0.2023222659838094,0.018750884955642862
2167,reject,0.000253652017473489,0.28249420577938367,0.7147949646382931,0.0024571775648497877
,reject,7.573480510688585e-06,0.00175288074949497,0.9982032592466124,3.62865233819977e-05
4064,reject,9.707631348280158e-05,0.1378794510215093,0.8615967737628061,0.00042669890220190914
10873,reject,3.1716737229843083e-05,0.010127890390039957,0.9895967221131894,0.00024367075954078422
20584,reject,9.299983606243921e-06,0.0034617479600348357,0.9964685373598323,6.0414696526818666e-05
22044,reject,0.0006741269365281075,0.15214004665893663,0.8456817501421358,0.001504076262399447
4343,poster,0.0011145919712363147,0.5609290258253941,0.43139852869718254,0.006557853506187106
3426,reject,0.00047961842189798304,0.15971294100520406,0.8377127912852248,0.0020946492876731467
22863,poster,0.014284371850490328,0.6965405580120729,0.2525097060961322,0.0366653640413046
24772,reject,1.2762363578409918e-05,0.0014108243942178398,0.9985178589690707,5.855427313306564e-05
15249,oral,0.5756248688811693,0.07527619575042455,0.042319880520849375,0.306779054847557
,reject,4.392289820823553e-05,0.008605893279203167,0.9911750659442555,0.00017511787833296468
5429,reject,0.0013700187461004576,0.18782855444111968,0.8069816425079785,0.0038197843048012508
4516,reject,0.0003019969368826175,0.4647951231446482,0.5324039846078858,0.0024988953105833677
11732,reject,0.0014488864156332554,0.4077305183555006,0.5865898514409711,0.0042307437878951505
4421,poster,0.003688488297370037,0.7186591577718636,0.26615291991416284,0.0114994340166035
23645,reject,9.905117208640464e-06,0.0022119295521837155,0.9977288139784365,4.9351352171321025e-05
9925,reject,2.6115833155982132e-05,0.009593618379505864,0.9902890431712609,9.12226160772618e-05
15474,reject,1.9197629671027517e-05,0.007616786834198478,0.992295397181058,6.861835507248855e-05
1612,reject,3.7059103391916656e-05,0.0016875739624281284,0.9981647369777079,0.00011062995647221222
449,spotlight,0.19494405291882325,0.2340943908450971,0.06905470555784282,0.5019068506782368
12150,reject,1.1021546007535766e-05,0.0036876522209255067,0.9962576065639933,4.3719669073419545e-05
5834,poster,0.003386995207280828,0.8004694419057161,0.18223059421330876,0.013912968673694345
9246,reject,3.9070211308940666e-05,0.008827509188960431,0.9909688479146965,0.00016457268503423592
5426,reject,1.2816059831638576e-05,0.003297001273481029,0.9966188785231063,7.130414358113078e-05
9408,poster,0.0023314400772332174,0.6326792142328227,0.3552704702340061,0.009718875455938114
24268,reject,8.203242833900599e-05,0.11935850512117026,0.8800411115516275,0.000518350898863195
13107,reject,0.0011548497719122955,0.33298677787708064,0.6635574585408143,0.0023009138101928095
16395,spotlight,0.23319695569636245,0.2621604776260985,0.03898549051868899,0.46565707615885005
11762,reject,0.0005401832278868358,0.4089329000993333,0.5880420828407501,0.0024848338320298258
16047,poster,0.015835897399138446,0.8047399960498957,0.14233509819191614,0.03708900835904966
16613,poster,0.003868022681117729,0.5706169912304682,0.4122457694917004,0.013269216596713752
3595,poster,0.006420210077613207,0.7729841627073462,0.17806513464752605,0.04253049256751451
14165,reject,2.6836074179189404e-05,0.006076385658082861,0.9938368934498055,5.9884817932441745e-05
17575,reject,6.725352991697208e-05,0.14012980481501755,0.8588737339474969,0.0009292077075685517
12583,poster,0.0011455841403384603,0.6475579328229547,0.3439803547576479,0.0073161282790590145
24125,reject,5.648411798304422e-05,0.013890283262309577,0.9858448771646702,0.0002083554550371721
3639,reject,4.828862697311667e-05,0.018726489461703712,0.9809564965112432,0.0002687254000800525
9469,reject,0.0014471944774506892,0.37990967533842473,0.6131824730118988,0.005460657172225933
1179,poster,0.009993239707735004,0.9064409877095571,0.047902820745825345,0.03566295183688272
17870,reject,0.0004463050934623833,0.18607642631507204,0.8090243203057178,0.004452948285747792
,poster,0.007500304618130527,0.7590002685350983,0.19779812390996482,0.035701302936806456
5683,reject,7.731978375095562e-05,0.015265009270182022,0.9844343437583235,0.00022332718774356107
22363,reject,2.9718653739858945e-05,0.024971417919974478,0.9747806272996242,0.00021823612666127946
15564,reject,0.00017938017929762013,0.08091628983886083,0.9176531586990146,0.001251171282826948
10548,reject,2.3474467951448782e-05,0.009108607437285057,0.9907953226872476,7.259540751593025e-05
24412,reject,1.0708583986490694e-05,0.002532397887274154,0.9974138240103562,4.306951838311375e-05
2154,reject,0.0007234264961147648,0.47704213075806334,0.5196159197400925,0.0026185230057293217
10950,reject,2.3266810549010886e-05,0.003760512918618194,0.9961574970624392,5.8723208393512346e-05
19422,reject,5.212380133331423e-05,0.016518390097057422,0.983180383262437,0.000249102839172322
11067,reject,5.786831862840418e-05,0.012347951483533794,0.9874340304585744,0.0001601497392632615
2900,reject,0.00018834934612642617,0.14040019582808025,0.8582529472247841,0.0011585076010092875
19221,reject,0.0003415310291133756,0.03011489013091501,0.9688732521687254,0.0006703266712462834
12296,poster,0.018214420723695855,0.8912696288376478,0.04280196167182633,0.04771398876683
9649,poster,0.0027088833782358147,0.8404456068101429,0.14513422015316318,0.011711289658458053
10373,reject,0.0019948046780302944,0.4887222443503568,0.5023668878565256,0.006916063115087246
13503,reject,2.6598189226358885e-05,0.006397094006348604,0.9934646586070703,0.00011164919735456501
6291,reject,3.685604908849702e-05,0.01328440019199126,0.9865141105844669,0.00016463317445313574
2377,reject,9.643688018355034e-06,0.0015364369290154507,0.998427220710129,2.6698672837145683e-05
7481,reject,0.00021159669271623928,0.03948982787111854,0.9595091331221157,0.0007894423140495027
3075,reject,1.0044496896617242e-05,0.0022490957129185016,0.9976861372088572,5.472258132775036e-05
15505,reject,0.0002751090504072631,0.1356838038659707,0.8628924572772324,0.001148629806389556
14828,reject,0.0012683937592967356,0.3806983046806878,0.6139912093679764,0.004042092192039146
9438,reject,0.00016391791530638575,0.0219189396444555,0.9773925545135809,0.0005245879266573044
2225,reject,5.539247630527204e-05,0.02483136316582908,0.9747793564332324,0.0003338879246331033
4062,reject,9.28479521450428e-06,0.0017145488354268622,0.9982330549311842,4.3111438174467956e-05
22533,reject,0.00030811925213064436,0.31541701744282546,0.6819702778359377,0.0023045854691062556
4732,reject,3.4378405655421074e-05,0.0008527458322224749,0.9990541434434357,5.873231868640263e-05
12801,reject,0.00040554778386929296,0.4572249182679583,0.5393934165077233,0.002976117440449196
15917,reject,7.967537249733232e-05,0.008032492840993704,0.9915511174421339,0.00033671434437493216
24264,reject,2.7275520507018067e-05,0.002865854133151174,0.9970378376412131,6.903270512860787e-05
13108,spotlight,0.05067990983892545,0.42397728483258046,0.03229511324378447,0.49304769208470955
4050,reject,0.0007087918762650797,0.17958888593686037,0.8168297940308582,0.0028725281560163956
18149,reject,0.00020206642000515618,0.13749407223869053,0.8617666006896626,0.0005372606516417688
,reject,2.73136873282859e-05,0.013555238923795043,0.9863018838069403,0.00011556358193619444
8146,spotlight,0.08535830351696691,0.2887897075255242,0.03275835038054398,0.5930936385769651
10721,poster,0.009110358153126807,0.8105273228978823,0.13620585687693643,0.04415646207205445
13682,reject,1.934021354378218e-05,0.008246706272859991,0.9916404604791305,9.349303446593574e-05
,reject,1.2226094599828433e-05,0.0021499027234091225,0.9978025947616355,3.527642035552172e-05
12734,poster,0.03614258771696752,0.7134010812047616,0.16187491101415624,0.08858142006411444
15238,poster,0.022110451681670893,0.8241396299822432,0.034482633918765666,0.11926728441732015
4261,reject,8.97324463219534e-05,0.02688654051269017,0.9723487386555417,0.0006749883854462842
8237,reject,7.6226225930956755e-06,0.0031263494873501794,0.996833729756403,3.229813365348824e-05
20711,poster,0.0006970450499029775,0.6083245287335758,0.38926515496210046,0.0017132712544209144
12513,reject,0.00014759558796409954,0.10921096614595127,0.8894617396209795,0.0011796986451051055
8381,poster,0.006453476225953236,0.7402230817205634,0.23689283358112834,0.016430608472355057
3657,reject,0.0001460001605842893,0.17493608468002828,0.8239129733473055,0.001004941812082014
4243,poster,0.008829972250768418,0.8227419406695722,0.12170373408437386,0.046724352995285455
13371,poster,0.0014728221543445841,0.6933706781269405,0.3020465298123429,0.003109969906371938
4531,reject,3.158983610586042e-05,0.009775149715411392,0.9900610247378299,0.00013223571065298497
23639,reject,8.254696704153798e-06,0.0018506710153513273,0.9980909413029909,5.013298495365282e-05
5844,reject,1.9579193249446383e-05,0.0032540346484293513,0.9966960472064835,3.0338951837843725e-05
17101,reject,0.0005413471614899345,0.35027473616358784,0.6472216218193529,0.0019622948555692217
25499,reject,9.147366806086491e-05,0.04394388344395967,0.9555531006472752,0.00041154224070437227
25369,oral,0.4409625083239356,0.16942236692651302,0.03727151640902198,0.35234360834052936
10565,reject,0.00043711625284770066,0.029979248242039538,0.9685804822691036,0.0010031532360089167
16534,reject,0.00042641302478362394,0.3941450911096288,0.6043478233824257,0.0010806724831618993
19240,poster,0.018237376233075815,0.8238463095512697,0.096835782332781,0.061080531882873546
25618,reject,1.2610290959611184e-05,0.0021635566799264967,0.9977707264981169,5.3106530996949775e-05
15693,reject,3.586773330832084e-05,0.036955332304179744,0.9628136191906397,0.00019518077187212043
8118,reject,8.311246959410043e-05,0.03749752366544237,0.9620116244527351,0.0004077394122284307
8273,reject,0.00016993034932748523,0.20827340465400562,0.7906921894107332,0.0008644755859337263
5922,reject,1.49853976333427e-05,0.0032310595413334218,0.9966538329299096,0.00010012213112354184
17285,poster,0.005343644021397893,0.5468214463635,0.4357293568870127,0.012105552728089268
18492,reject,1.288538981582246e-05,0.005085932166922594,0.9948575413866387,4.3641056622850984e-05
9762,reject,6.738535994460658e-05,0.0284242790371765,0.97124623100599,0.000262104596888878
22726,reject,1.722752603515327e-05,0.004828703776443159,0.9950967937226364,5.727497488513082e-05
14791,reject,1.4910114539237378e-05,0.003325720033119728,0.9966131932975708,4.617655477027221e-05
1398,reject,0.0003120674134333532,0.1681330098678015,0.8294704672135259,0.0020844555052392786
225,reject,2.5298461753477303e-05,0.012506782766110919,0.9873147109410176,0.00015320783111787758
20859,reject,0.0014399697961405434,0.4552611375592505,0.5374251380305036,0.005873754614105296
22978,reject,3.4378405655421074e-05,0.0008527458322224749,0.9990541434434357,5.873231868640263e-05
14844,reject,0.0001937186200273942,0.03504015086333927,0.9641364637585715,0.0006296667580617921
24762,reject,0.0001130971313096198,0.04072085110620785,0.9584743602648791,0.0006916914976033021
2816,poster,0.0016482404816611158,0.5067838056628905,0.48662811539138645,0.004939838464061867
22504,reject,3.1229019321161575e-05,0.0038237234448336545,0.9960387410544872,0.00010630648135802859
14391,reject,0.0017759943636986677,0.41402131330069275,0.5782752065249542,0.00592748581065427
23719,reject,3.4378405655421074e-05,0.0008527458322224749,0.9990541434434357,5.873231868640263e-05
21866,poster,0.0012670877731985053,0.638534138430617,0.35450838233979387,0.005690391456390615
14362,poster,0.006618272070941203,0.8084343225282381,0.13752714546699857,0.04742025993382223
3409,reject,1.7332658096571964e-05,0.005324741622673604,0.9945800196072667,7.790611196311858e-05
5723,poster,0.000875178334616883,0.5525470579714549,0.4418468748472796,0.004730888846648599
5724,reject,1.0673329453760132e-05,0.0017084199607973283,0.9982492621512636,3.164455848511092e-05
11294,reject,4.196136339990827e-05,0.014969222947453086,0.9847758659913173,0.00021294969782985408
11104,reject,0.0009091685395270932,0.3595637195122428,0.6341325745209399,0.005394537427290138
25190,spotlight,0.2686048918764102,0.23681758913919437,0.044327357292183726,0.45025016169221166
13997,reject,5.5330492986110444e-05,0.012655279000872788,0.9870997736374337,0.0001896168687073874
24759,reject,1.2650356396526285e-05,0.0013324943963986576,0.9985885177464442,6.63375007606188e-05
4171,poster,0.0028166004556732546,0.6202808110942817,0.37050477419169486,0.006397814258350148
19693,reject,2.3532665503540782e-05,0.0058382686116358,0.9939836446939119,0.0001545540289488137
2793,poster,0.005686790413696207,0.8746040508157296,0.09586115148801473,0.02384800728255938
148,poster,0.0006555348807877212,0.5215851992668523,0.47451510761078625,0.003244158241573846
15941,reject,4.5190809794266094e-05,0.01262765789326899,0.9870633245526481,0.0002638267442884986
13943,reject,0.0013236445085610658,0.41468396926877193,0.5793078368941171,0.00468454932854979
15582,reject,0.0001053619694714447,0.03751033148123347,0.9619994668090777,0.0003848397402174566
19950,reject,6.861351576184262e-05,0.028606017342360613,0.9709172523174079,0.0004081168244697325
15831,poster,0.0011307341985300867,0.790881816691396,0.20245508236590576,0.005532366744168121
11780,poster,0.00859890806929011,0.826980185197235,0.11273518696255524,0.05168571977091953
8043,poster,0.04846692478013826,0.7087667417314586,0.11431338278596688,0.1284529507024363
17914,poster,0.0013713961927571312,0.6114241117303846,0.38237273610262446,0.004831755974233865
9066,reject,0.00013636347655696354,0.0348739593600548,0.964576089420725,0.00041358774266312927
10165,poster,0.015520664874909489,0.7878567874109864,0.151944059694784,0.044678488019319965
9658,poster,0.004809890813813291,0.7892398332183654,0.1969511997393377,0.00899907622848351
,poster,0.007530110572646645,0.8669191448048905,0.08667826759096427,0.03887247703149862
1894,reject,0.00010585126353391348,0.017206076609561048,0.9823180057450263,0.0003700663818788464
333,poster,0.020157779564443545,0.7768995128483966,0.17449287193366095,0.028449835653498866
2217,poster,0.001241917997652857,0.8022234056145499,0.1815739640665668,0.01496071232123047
3167,poster,0.01558536795030103,0.8232939962082435,0.08172108503431055,0.0793995508071449
10558,reject,8.707177054359801e-05,0.017570741860839068,0.9822024171936422,0.00013976917497502005
18540,reject,3.315561407854527e-05,0.0030274622175188986,0.9968571936833832,8.218848501937634e-05
10235,poster,0.007548253219870495,0.7450613918442737,0.16578563241129116,0.08160472252456466
16389,poster,0.055921453774390104,0.7264346009400551,0.024177656827124583,0.19346628845843025
1193,poster,0.014162607978142366,0.8084357527158653,0.03868498565739231,0.13871665364860006
15804,reject,2.5692539036524882e-05,0.009250075607337198,0.9906129888862563,0.000111242967370138
14758,reject,0.00010124585680681745,0.1114413128922288,0.8878722925562544,0.0005851486947099116
810,reject,0.0001683316771871028,0.16045018801824532,0.8380528216248592,0.0013286586797085003
20565,reject,0.00037228276561286226,0.28680823078469025,0.7113942895717269,0.00142519687797006
9655,reject,3.632293150075333e-05,0.005031507738944649,0.9948097324113332,0.00012243691822145326
37,reject,7.708680991144414e-06,0.001572828696909773,0.9983845626434383,3.4899978660705026e-05
16691,reject,2.998739147277793e-05,0.02038847270906378,0.9794175691116151,0.00016397078784837943
2318,reject,4.7848183110334295e-05,0.011003819042326161,0.9888110873841847,0.0001372453903789208
11961,reject,6.88383206198499e-05,0.01641356181455747,0.9832388654294464,0.0002787344353761904
5300,reject,9.623741265333783e-06,0.002064734573825535,0.9978612885927045,6.435309220468624e-05
9111,reject,0.00012936428407711337,0.021830422545328163,0.9775023603621882,0.0005378528084066581
25252,reject,0.0001248187015469021,0.02444325597194264,0.9751246306506817,0.0003072946758288048
12180,poster,0.01023811223975485,0.8476977448801467,0.10598643724764206,0.03607770563245651
15622,oral,0.46338165838564793,0.06487907261733765,0.054543219340745554,0.4171960496562689
4765,poster,0.0006099903823554075,0.5133754397003985,0.48336592182241106,0.0026486480948351952
18082,poster,0.0035645828324145103,0.7788862992977063,0.20354896791387442,0.014000149956004918
14314,spotlight,0.33082286893207813,0.2891265053642069,0.03685440624916068,0.34319621945455425
22706,reject,1.6864815496103175e-05,0.004235674462088235,0.9956291012005575,0.00011835952185816367
17621,reject,0.00023801009013947066,0.19615991378947045,0.80235287575166,0.0012492003687301595
6362,poster,0.05715603552280264,0.706929140065638,0.09615038383033472,0.13976444058122459
21332,reject,0.0025572815842215776,0.4857702814504528,0.5052149700332585,0.006457466932067173
17301,reject,0.0008887178033901567,0.3051717381659912,0.6866770177254768,0.007262526305141671
5315,reject,0.0008511367865457058,0.24065372508988267,0.7558730547955012,0.002622083328070511
15527,poster,0.006827512475446223,0.8032961105084219,0.1444422615145295,0.0454341155016024
5543,reject,0.0004501350333661569,0.24612306140654786,0.7511670051573942,0.002259798402691885
21916,reject,2.5622555258920745e-05,0.002778007595813594,0.9970848027048398,0.00011156714408783446
21932,reject,8.422250447098024e-05,0.027022611303553695,0.9725181164707914,0.00037504972118399264
12796,reject,0.00013572587903093992,0.09841933230452765,0.9004692669607481,0.0009756748556932409
4175,reject,1.8869667255641963e-05,0.003868590749359932,0.9960024832345419,0.00011005634884266364
,reject,7.392502075466301e-05,0.04083045549812529,0.9588191408711053,0.0002764786100147537
25508,reject,0.0006848599496641072,0.30783150429629563,0.686819559638527,0.004664076115513276
19122,reject,0.0002564841360062491,0.2473954579085965,0.7510469772676822,0.001301080687715158
4804,reject,7.147049648075575e-05,0.004281205160564384,0.9955076472033775,0.00013967713957734927
7432,poster,0.0010314520903825636,0.7882255542114366,0.20475496231621926,0.005988031381961637
18378,reject,2.359003774389946e-05,0.0026911027526614084,0.9972044578122866,8.084939730808412e-05
24293,reject,0.0006442394705293237,0.2298908748223097,0.7670724663078147,0.0023924193993461384
,reject,8.27355581769422e-05,0.033652807899948754,0.9657919360263377,0.0004725205155364683
12208,reject,0.0011107077729020879,0.36046525283334885,0.6355013264928451,0.0029227129009039682
13841,reject,0.00034739119002436106,0.1964420670407431,0.8006581202760048,0.0025524214932277837
1820,reject,0.0008630249326752375,0.3232847464333056,0.6704021703955269,0.0054500582384921755
5508,reject,2.1453611068942367e-05,0.002478782112169214,0.997452857371849,4.690690491301992e-05
20402,poster,0.0055280533661049855,0.5364667788557315,0.442433772483799,0.015571395294364533
