submission_number,pred_status,proba_oral,proba_poster,proba_reject,proba_spotlight
6845,reject,3.597879390720461e-06,0.03445764179785882,0.965474647886816,6.411243593444461e-05
21857,reject,7.552441552829914e-08,0.002282174812196907,0.9977172832082429,4.6645514472025046e-07
14292,reject,1.051010992650336e-07,0.0017314597318076276,0.9982666779067731,1.757260319989071e-06
9157,reject,1.6413257825960785e-10,5.469995383383115e-05,0.9999452992841046,5.979290291817325e-10
19036,reject,9.298271053420213e-06,0.09150443891019544,0.9083006989039972,0.00018556391475412436
1711,reject,0.00010455169454368044,0.17040439323831272,0.8278892838755391,0.0016017711916046396
20949,reject,3.4617510331953706e-07,0.01329783767014837,0.9866972954078389,4.520746909234072e-06
19416,reject,4.3448775604161986e-05,0.039553120218472994,0.959511800001558,0.0008916310043646762
5782,reject,0.002517134665983245,0.18094767623894178,0.49937825243767725,0.31715693665739775
18276,reject,0.0003040015514424503,0.4504271273042612,0.5331684376125511,0.01610043353174526
2669,reject,1.1299617487965686e-07,0.01149198195597003,0.9885035225849762,4.38246287896624e-06
6759,reject,2.633853392227783e-07,0.0042769713556457456,0.9957198929506058,2.8723084093173023e-06
7389,reject,8.892751480252883e-07,0.01100276549080727,0.9889853819280153,1.0963306029530367e-05
9918,reject,1.1722536891141402e-05,0.02216269613794829,0.977055768554505,0.0007698127706555272
17048,reject,5.5783185998200436e-08,0.003697249303338387,0.9963009306568148,1.7642566609211889e-06
22991,reject,0.0002248683923303425,0.2776931928934745,0.7138736945548647,0.008208244159330422
11167,reject,2.1094353236975645e-05,0.0206920820956874,0.9791254957728377,0.00016132777823791322
525,reject,1.3068588954552308e-07,0.004937803515819811,0.995061214878076,8.509202145514964e-07
19723,reject,1.580224986356667e-05,0.011094826637239295,0.9763530102001319,0.01253636091276521
3835,spotlight,0.007560455548801021,0.19799670746038103,0.08272117526404738,0.7117216617267705
,reject,8.385604519142688e-08,0.0010681885385057256,0.9989302754216508,1.4521837984015448e-06
2804,reject,7.480407863595762e-06,0.03312644537635465,0.9650739197448439,0.0017921544709377725
23149,reject,9.259247779643712e-06,0.05549850005945928,0.9439849448515789,0.0005072958411822498
1461,reject,1.5766959063096543e-06,0.048191406886021054,0.9511273074849516,0.0006797089331209539
13133,reject,0.0001614777909484462,0.38603428898211023,0.4724276483697907,0.14137658485715068
23926,reject,1.0493342303600652e-06,0.03852147260883382,0.9614020479016354,7.54301553006057e-05
13150,reject,1.2200216337077194e-07,0.006442388172137542,0.9935535465035654,3.9433221335619315e-06
3349,reject,1.4072108997740482e-09,0.0001478962977814922,0.9998520671145154,3.51804924166631e-08
9695,reject,3.750403012643796e-09,0.00019447272436169398,0.9998055198764996,3.6487357576943938e-09
13771,reject,7.560525020512835e-10,8.514688211543117e-05,0.9999148435508469,8.810985128847464e-09
3367,reject,4.917253473889576e-09,0.00020970538682952864,0.9997902717338669,1.796204993800842e-08
7123,reject,6.813326588078576e-07,0.011899505060859478,0.9880615380672941,3.827553918765237e-05
18854,reject,0.003184827386927822,0.22367610513207561,0.4447200855774353,0.32841898190356117
8619,reject,1.0199113639505265e-07,0.0008358004277057335,0.9991625168690379,1.580712119948701e-06
23238,reject,0.00013284335191314454,0.09177194217812543,0.9053275128244253,0.0027677016455359654
18976,reject,5.149578297031465e-07,0.0050330558997744145,0.9949425264669021,2.3902675493916447e-05
4933,reject,0.002934674930893874,0.4316514180335089,0.4604940511272556,0.10491985590834146
15935,reject,2.0271918613831862e-07,0.004442413050990668,0.9955307169466715,2.6667283151698815e-05
6408,reject,2.2538072427653105e-09,2.7573495028217228e-05,0.999972422423738,1.8274267326937094e-09
9930,reject,3.0829856859774406e-08,0.0003320064287716825,0.9996678675302065,9.52111647854475e-08
2942,reject,1.8475708884408632e-07,0.0058759864162384575,0.9941207661055318,3.0627211410934424e-06
903,spotlight,0.02603096474376335,0.041521263387819855,0.015992392074629425,0.9164553797937872
16593,reject,1.852508810575903e-08,0.0013230041795120938,0.998676772720487,2.0457491280956922e-07
308,reject,3.858661565365834e-07,0.006084524619564614,0.9939110291543518,4.060359927009127e-06
10412,reject,2.7447532151942065e-08,0.0005822024471245962,0.9994175682023374,2.0190300585133248e-07
7273,reject,2.015925652288175e-06,0.01704984794612865,0.9828852130984282,6.292302979086912e-05
16826,reject,0.0001793026602351524,0.16420441151629642,0.8331737169353505,0.0024425688881180973
12955,reject,3.955328849896379e-05,0.04822540529909558,0.9507258247993481,0.001009216613057422
23801,reject,2.329975822204756e-06,0.03363941430360337,0.9662769272019955,8.132851857899422e-05
11483,poster,0.0008150280170057615,0.4852341609395687,0.32436946646270803,0.18958134458071746
11148,poster,0.0014395772226720987,0.5690774755398817,0.37883007370283545,0.05065287353461065
12551,reject,2.646374623380167e-06,0.01865199975970488,0.9812859359559396,5.941790973216668e-05
14192,reject,6.307508720125174e-08,0.002206879206442798,0.9977915434080705,1.514310399309179e-06
13925,reject,3.609408534900891e-05,0.07214647334994131,0.9262832896058011,0.0015341429589086806
22893,reject,2.825000016424831e-07,0.0045781239762121085,0.9954146357351259,6.957788660270446e-06
9620,reject,0.00016075932744885954,0.34012398222767715,0.6499751109238601,0.009740147521013827
5050,reject,0.00017425666274785022,0.10313329926510152,0.8736489770118614,0.02304346706028927
24843,reject,4.428825640366962e-05,0.15466873363617736,0.843721005144796,0.0015659729626229587
2528,reject,2.54868637727311e-08,0.0009230479657895103,0.9990768514413945,7.510595234377133e-08
3011,reject,1.008525255620871e-09,0.0001515968179785948,0.9998483987569933,3.416502834831168e-09
4954,reject,1.8234796471834732e-06,0.025544123095358588,0.9737023352762068,0.0007517181487872624
23289,reject,0.00012617763140267976,0.089156904233149,0.8957862553572533,0.01493066277819498
16151,reject,0.00018506904854652436,0.11856150043685536,0.8291260991372866,0.05212733137731151
15017,reject,0.0020487940519333236,0.22968884931696867,0.43505956978001115,0.3332027868510869
8996,poster,0.007937511897983578,0.7291610798953231,0.15267484113689297,0.11022656706980037
19944,poster,0.0012964577377111211,0.5406712432214589,0.1676658132918188,0.29036648574901114
10880,reject,0.0010121173770351012,0.3316605705295692,0.6555164132834382,0.011810898809957402
272,reject,0.0004479626160038355,0.4629353950621899,0.46408754980922545,0.07252909251258075
7858,reject,8.87926290169035e-05,0.24224173089673554,0.7539153310263214,0.0037541454479263184
9221,reject,1.744517375630592e-07,0.0034021740945890983,0.996570530689016,2.7120764657209978e-05
20343,reject,0.0004729732481348009,0.2858856618756652,0.6401962952789579,0.0734450695972419
3621,reject,1.0147299187992382e-07,0.001813587817517453,0.9981844895131398,1.8211963508680314e-06
21809,reject,1.1713638968298602e-07,0.006403438524921027,0.9935945878726953,1.8564659940669e-06
19298,reject,1.2337035466083764e-06,0.027671216664888962,0.9722723118280434,5.523780352112662e-05
4298,reject,0.00012133582242779669,0.24295041085830454,0.7382619474236513,0.018666305895616336
22272,poster,0.0032710122306859155,0.4344945950002053,0.25338991646600295,0.30884447630310585
5183,reject,3.612527850349008e-06,0.014885343643872801,0.9850560178971509,5.5025931125895e-05
19599,reject,1.3714592420301494e-08,0.0005576622470660997,0.9994422037789231,1.2025941842928347e-07
2183,reject,9.39483393950104e-05,0.2614592668702049,0.7303790739797785,0.008067710810621647
24657,reject,0.00029697057508190167,0.1825484837930865,0.8136288496754429,0.0035256959563887452
23410,reject,1.9618122687987874e-08,0.00035307903863083563,0.9996466893044654,2.1203878102078903e-07
11055,reject,3.686215603028315e-05,0.1252011724326624,0.8722373309802538,0.0025246344310536056
17956,poster,0.0035867321174007307,0.4092960026105314,0.23607958179353547,0.3510376834785325
2610,reject,1.0209409191938139e-07,0.0021133970219695216,0.997886254742327,2.461416114277064e-07
24104,reject,3.1671634487916995e-05,0.10757969285277452,0.8915883205457522,0.0008003149669854434
2713,reject,1.694924037920654e-07,0.014202107291706668,0.9857429496307201,5.477358516938949e-05
16919,poster,0.000847916202592162,0.41080490608931153,0.322598202611683,0.2657489750964133
24471,reject,1.3328057928100913e-06,0.025147600859460856,0.9748022427571194,4.8823577626849784e-05
10135,reject,2.5499391388916872e-05,0.4883963996921706,0.5020547998316574,0.009523301084783123
217,reject,6.048827723656848e-08,0.0004060176014614344,0.9995937691809806,1.5272928070882727e-07
15897,reject,3.297242278544127e-06,0.02732753733524333,0.9726077716389969,6.139378348114188e-05
10053,reject,5.74244470652075e-08,0.00108743019953362,0.9989121755403311,3.3683568829891683e-07
16659,reject,4.956580891696923e-09,0.0005550995936290341,0.9994448105279988,8.49217914304125e-08
5038,reject,5.169401035453036e-07,0.02256794869952653,0.97741452400618,1.701035418987773e-05
11921,reject,1.9319561507341375e-05,0.1690242033987186,0.830175995808426,0.0007804812313481737
5674,reject,0.00010124493952139647,0.16094098088883463,0.7906783732295583,0.0482794009420856
25449,reject,4.2711313058419157e-10,5.1732511192480175e-06,0.9999948263130626,8.704940287354817e-12
13998,reject,0.00024204005788119195,0.32916428162493583,0.6633772605367421,0.0072164177804410045
18485,reject,1.1133389070588807e-08,0.0022837338793152678,0.9977161281449095,1.2684238603546497e-07
16981,reject,2.9520617941081252e-06,0.008388228325723184,0.9915542994673253,5.452014515739865e-05
3629,reject,5.4446243879334804e-05,0.1995134903025243,0.7786893790466913,0.021742684406904876
14431,reject,1.7198216721380386e-08,0.0023115155794040613,0.9976883512346691,1.1598771020344322e-07
2552,reject,1.8992257244538014e-10,2.758229706849149e-06,0.9999972415738348,6.535557972045918e-12
17639,reject,7.433455120044739e-07,0.023858408382659582,0.9761005480001228,4.030027170555192e-05
4737,reject,0.0031035746798209673,0.37966488248273755,0.5764859247876716,0.04074561804976986
13460,reject,9.459410415143851e-07,0.009076287704684313,0.9908855473780116,3.721897626263368e-05
5409,poster,0.002535718249141986,0.5053856906494039,0.43102543373944924,0.06105315736200484
8147,reject,2.3071422784668147e-09,0.0001055209541564882,0.9998944732438642,3.494836983136354e-09
21838,reject,2.793386249911881e-07,0.003630043087081576,0.9963646052358249,5.072338468455573e-06
18263,reject,2.701893702577829e-06,0.012372471228020073,0.9875969708495215,2.785602875601005e-05
20069,reject,3.14327250030926e-07,0.0020421121379414543,0.9979540552235621,3.518311246355663e-06
22896,reject,1.578492205186142e-08,0.0002759622259358486,0.9997238742755189,1.4771362331324825e-07
22663,reject,1.2107145083993998e-07,0.006439493639448634,0.9935579370690661,2.44822003437002e-06
7283,reject,5.4864570435200066e-08,0.003043397876572968,0.9969550066484627,1.5406103937834348e-06
9941,reject,9.954855491518364e-07,0.04175524391779583,0.9581772078395586,6.65527570964018e-05
7653,reject,1.7126861137535396e-10,2.147165104597584e-05,0.9999785267211525,1.456532986298008e-09
22227,reject,6.516334022393651e-07,0.004589500946850961,0.9954060867179156,3.7607018309444785e-06
1839,reject,0.0021023926585083267,0.2862267415340004,0.49421969287132467,0.21745117293616653
,reject,5.104305530184881e-05,0.21211903272143592,0.7859674568118636,0.0018624674113985281
12501,poster,0.0013982090642075172,0.410604179678455,0.32448538923885983,0.26351222201847757
6447,reject,1.0071224548894126e-05,0.02672501404003113,0.9731332841176434,0.00013163061777665916
897,reject,2.9416144558048275e-08,0.013484911024189456,0.9865131437126297,1.9158470363325234e-06
17319,reject,8.294867234337356e-07,0.005873526753344739,0.9941193398641942,6.3038957377546394e-06
17547,reject,1.6052089830618404e-08,0.0005373979946891033,0.9994624249513355,1.6100188556637515e-07
24376,reject,9.474726601956401e-07,0.006462611719306816,0.9934911756435876,4.526516444520387e-05
25400,reject,1.9016443483335424e-06,0.007123161752132066,0.9928271331077563,4.7803495763395115e-05
7837,reject,3.131453487355582e-06,0.040320992793757546,0.9595550695044404,0.0001208062483147837
7664,reject,3.146521369216112e-08,0.00030896997737162713,0.9996909675718062,3.0985608404089804e-08
8583,reject,5.935359925060255e-09,0.00042930884460855496,0.9995705997477888,8.547224259901842e-08
14114,reject,3.0264304086946876e-08,0.0003735213373373428,0.9996263013437371,1.470546213328455e-07
18382,reject,2.345676330371001e-06,0.05427840529121961,0.9456149057402002,0.00010434329224989601
22990,reject,3.6041520809477967e-08,0.0014947980162018071,0.9985050565406539,1.094016234747586e-07
12,reject,1.8464032289621324e-07,0.01426214510083895,0.9857186468060912,1.9023452747099855e-05
15431,reject,2.356333175763907e-06,0.03783971889460369,0.9620835534010895,7.43713711311427e-05
19983,reject,0.0004868240500210913,0.3110684790415418,0.5969176248086278,0.09152707209980937
10932,reject,1.2526399429837946e-06,0.01548694548478232,0.9844824053385562,2.9396536718462108e-05
2808,poster,0.01297790543382005,0.7730373438559758,0.11461458599575941,0.09937016471444476
12740,reject,0.0001674539862372651,0.3417898577186397,0.5917787274409011,0.066263960854222
3786,reject,1.238945737819521e-05,0.02850674440325662,0.9713944895632209,8.63765761443233e-05
12866,reject,2.7785147049689293e-07,0.016714847017197644,0.9832769545966389,7.920534692938395e-06
1989,reject,0.000847568043257953,0.37930678703105397,0.6068800129754609,0.01296563195022715
7896,reject,3.60306278848645e-06,0.036552114165141966,0.9633635027125114,8.078005955831113e-05
3439,reject,3.434044192438028e-09,0.00024285601597862482,0.9997571356962219,4.853755089296206e-09
13435,poster,0.011738421442081216,0.6838687416485092,0.17650583078017248,0.1278870061292371
9571,reject,0.00040735088495513685,0.17958507435804624,0.8115168528121132,0.008490721944885466
23596,reject,1.7339696696749605e-07,0.0032271737109530437,0.996772032104145,6.207879348506356e-07
15672,reject,3.236273414868445e-07,0.0010578307926794454,0.9989391802201315,2.6653598476376757e-06
17797,reject,0.0004863759685359377,0.3501078348285097,0.6375307978398086,0.0118749913631457
18386,reject,5.671551573306583e-07,0.009407684011570876,0.9905578887485385,3.386008473333733e-05
,reject,4.702339693335235e-05,0.08769853638423576,0.8943034947756138,0.017950945443217205
14856,spotlight,0.0023286382324305644,0.3071230763086385,0.3001074087240756,0.39044087673485534
2854,reject,7.145734892604277e-08,0.001313679768651445,0.9986859183592587,3.3041474099121023e-07
8282,reject,6.82172609596157e-07,0.0031995794640763313,0.9967979177390685,1.820624245703331e-06
12763,reject,0.00011478437153372766,0.2825707256363876,0.7125421170920652,0.004772372900013619
5162,reject,4.807966207428395e-07,0.012836005855614254,0.9871373944203241,2.6118927440844236e-05
24441,reject,0.00040190245241011554,0.26574009663341774,0.723362989317378,0.010495011596794097
1486,reject,1.6553324314914915e-05,0.07037838822135942,0.9289933752440009,0.0006116832103247034
18506,reject,2.1512045833856267e-07,0.0035846046139821584,0.9964095008501692,5.679415390285917e-06
20719,reject,0.0016981385524313278,0.26899517069348255,0.6506986898216683,0.0786080009324179
16883,reject,1.1321522790957816e-05,0.04313690546657699,0.9525445742954196,0.004307198715212454
9253,reject,4.6373324800747605e-06,0.02481677407045655,0.9743541284259655,0.0008244601710979998
3415,reject,0.00038614702777282705,0.2732037983639545,0.671702847162851,0.054707207445421624
17435,reject,0.0003979398871391705,0.20879221178786833,0.7811986812025039,0.009611167122488537
10584,reject,3.427012096964762e-08,0.0010867293622480068,0.9989130758764136,1.6049121728134998e-07
25317,reject,3.751061076769619e-09,9.931956400117523e-05,0.9999006703586293,6.326308460524108e-09
16188,reject,6.884296852291156e-08,0.0027748257372122343,0.9972239050376924,1.20038212693296e-06
4842,reject,0.0003052250984243853,0.24180052401591207,0.6991994388903428,0.05869481199532064
17932,reject,4.4329448892986495e-06,0.04411889770036261,0.9557998422961688,7.68270585793841e-05
5608,reject,2.055450050942544e-06,0.05793323461630528,0.9419299884620355,0.00013472147160842774
4274,reject,6.82172609596157e-07,0.0031995794640763313,0.9967979177390685,1.820624245703331e-06
23538,reject,1.7025774913892213e-05,0.12588798825638273,0.8735997335855619,0.0004952523831414667
7398,spotlight,0.0076239634587493225,0.22971037423900625,0.03281061760251447,0.72985504469973
12253,reject,1.6313734381071695e-07,0.005651087805147158,0.9943458996518975,2.849405611726696e-06
14055,reject,1.245183648426649e-06,0.023475951180253824,0.9764912960129073,3.1507623190574125e-05
4768,reject,2.2429806491319118e-07,0.010549055933944219,0.9894431677092261,7.552058764863355e-06
14660,reject,8.416349840546642e-08,0.0022949130183860505,0.9977030428766801,1.959941435391402e-06
8153,reject,4.65944362542075e-09,2.371503332106804e-05,0.9999762801682468,1.3898847104060023e-10
13317,reject,0.00024040375946631553,0.10640001149665207,0.8801544563653606,0.013205128378521076
7728,reject,1.2426049145853553e-07,0.004081838053811973,0.9959127461404735,5.291545223096826e-06
22845,reject,4.100112946194183e-07,0.004918936444335214,0.9950758974516211,4.756092749047008e-06
15043,reject,9.875927254604394e-06,0.049799991930023414,0.9497579368269491,0.00043219531577293473
9744,reject,2.879578693300656e-07,0.006749546447869022,0.992998216928415,0.0002519486658468278
21745,reject,9.450793685396992e-11,1.5701616660661266e-05,0.9999842982690063,1.9825141680671294e-11
21197,reject,1.2580157942754787e-08,0.0001666918958954053,0.9998332881400626,7.383883923803508e-09
12710,reject,8.386901360966129e-07,0.006325998126856125,0.993591824394088,8.133878891983915e-05
,reject,9.299142093030026e-09,2.2254656570919517e-05,0.9999777358551748,1.89111959659582e-10
3799,reject,5.581160101811429e-09,0.00030259354669536447,0.9996973915601058,9.312038611257961e-09
22013,reject,7.886392103287994e-07,0.0196725035981839,0.9803125938306051,1.4113932000707077e-05
2960,reject,0.0016251883047341447,0.41258280317432183,0.5465747947284924,0.03921721379245158
19968,reject,3.253638102100195e-06,0.0231021119934018,0.9768316919347948,6.29424337015108e-05
16046,reject,8.789361484441442e-05,0.40941270910779115,0.537080128232404,0.05341926904496052
,reject,5.614968220314263e-07,0.01546817325281812,0.9845246224978403,6.642752519580495e-06
4495,reject,1.5963222651229896e-08,0.0021760452676282582,0.9978233032580313,6.355111180269668e-07
8908,poster,0.0009450392143204539,0.5761098817757424,0.39560584219216766,0.02733923681776944
24900,reject,5.599732052213406e-09,1.8341744035829078e-05,0.9999816524375739,2.1865844285790935e-10
23126,reject,3.48473028672798e-06,0.05774420463478468,0.942137893599922,0.00011441703500651623
21335,poster,0.00430636796474051,0.5940171289229138,0.344475708165667,0.057200794946678686
23614,reject,6.82172609596157e-07,0.0031995794640763313,0.9967979177390685,1.820624245703331e-06
7570,reject,1.4853010607108174e-05,0.040207935739440634,0.9555119538570181,0.004265257392934184
18335,reject,1.6245153244050172e-06,0.06567677156441767,0.9341998041120224,0.00012179980823537323
18244,reject,0.00287257948647041,0.33294055276957063,0.33405032268233475,0.33013654506162404
9450,reject,2.130341921701231e-05,0.06595133054253904,0.9333552034773901,0.0006721625608539408
17052,reject,8.760383145161947e-08,0.005812027527633633,0.9941722335471543,1.5651321380478128e-05
5156,reject,5.53007166786262e-05,0.0636842166832053,0.9355400225025619,0.0007204600975542404
4979,reject,0.0023611439749951267,0.20765484202078494,0.5144943901110207,0.27548962389319925
1796,reject,1.8503116663439798e-07,0.01007805749604953,0.9899162594609368,5.49801184710894e-06
20957,reject,6.637183011464326e-08,0.0018441840754440393,0.9981543497864258,1.3997663001314988e-06
22484,reject,7.586246071822474e-07,0.0190825216807985,0.9808714356002922,4.528409430226604e-05
9621,reject,0.0004853588568175242,0.45588352086053635,0.4791451002434439,0.0644860200392023
12076,reject,9.128580401475062e-08,0.0021313318526315667,0.9978662326647688,2.3441967955627092e-06
23607,reject,1.8824267401333835e-08,0.0030121031753223833,0.9969877088156254,1.6918478465700722e-07
5232,reject,1.3774851233667725e-07,0.0019380711622408284,0.9980594806104914,2.310478755377685e-06
11179,reject,9.840962057813832e-07,0.017567368842635055,0.9824185383346559,1.3108726503227385e-05
12938,reject,6.248674815315425e-07,0.015285595221850587,0.9847043714645478,9.408446120150951e-06
23970,poster,0.002406935986293444,0.5752402075165036,0.37145724055185597,0.050895615945347035
4819,reject,1.3906192181807735e-08,0.0005030776228745504,0.9994967715172512,1.3695368194628224e-07
352,reject,1.1136835887862084e-08,0.0010627734833412311,0.99893711370969,1.0167013307329803e-07
2750,reject,8.177217903352604e-07,0.016049362032359998,0.9839133648144497,3.645543139997011e-05
3008,reject,9.50211415281183e-09,1.7572798493464248e-05,0.9999824175769473,1.2244510561914922e-10
4932,reject,2.4332575522583622e-06,0.0656485778704871,0.9336214003610076,0.0007275885109530796
12686,reject,3.8616215163422765e-07,0.0031281427771175383,0.996847405824566,2.4065236164889037e-05
2053,reject,0.001074438103286923,0.1881382682072639,0.7955944780321254,0.015192815657323677
22370,reject,3.891463847928626e-09,0.00012819646991460594,0.9998717951157892,4.522832371127308e-09
6449,poster,0.0016662483283597736,0.5330246786701271,0.42761688858363434,0.03769218441787867
2167,reject,6.774362349205865e-05,0.10993363807653919,0.8886005944314883,0.0013980238684805912
,reject,6.5097145987752235e-09,8.359675405202957e-05,0.9999163902469056,6.489327852691099e-09
4064,reject,5.631902876487844e-06,0.02795884296732529,0.9716035204310193,0.0004320046987787792
10873,reject,1.1093618774258312e-08,0.005323103564108702,0.9946759647531761,9.205890964661465e-07
20584,reject,1.6338871088400782e-08,0.0014719027636826358,0.9985278830343205,1.9786312557989065e-07
22044,reject,1.0411074660874598e-06,0.04739771658291913,0.9522956719375666,0.00030557037204828337
4343,reject,0.00023281680914031646,0.28081604454923914,0.7097682136692034,0.00918292497241717
3426,reject,1.6478515731915843e-05,0.025749807489801078,0.9737276285206324,0.0005060854738347287
22863,reject,0.0033425481192888512,0.40481271656547063,0.5323964367213363,0.059448298593904055
24772,reject,1.0974380325437698e-09,1.6191399218075947e-05,0.9999838074373713,6.597253677994029e-11
15249,spotlight,0.013185827378261034,0.014958763948121397,0.021147345247045337,0.9507080634265722
,reject,1.510798227906225e-07,0.00483353892777161,0.9951648343851286,1.4756072768871133e-06
5429,reject,1.608234119498572e-05,0.02292311572415097,0.9763793957697011,0.0006814061649530001
4516,reject,2.936959338602813e-05,0.21091412808480375,0.7867961509193525,0.002260351402457618
11732,reject,7.170127382872158e-05,0.0825368390798853,0.9162387674447267,0.0011526922015594947
4421,reject,4.791235966181622e-05,0.1611139276598361,0.8283747717885767,0.010463388191925351
23645,reject,1.4979865898198823e-09,7.666927730623483e-05,0.9999233269038268,2.3208803068858e-09
9925,reject,9.986581145052134e-08,0.0047303515569891074,0.9952681430506015,1.4055265977987933e-06
15474,reject,6.708756723209483e-08,0.002911167424464591,0.997087193415099,1.5720728692166565e-06
1612,reject,2.0473695998898903e-09,3.097964300766287e-05,0.9999690181973125,1.1231028750284155e-10
449,spotlight,0.00900474958172525,0.23404949585475135,0.03777356148121489,0.7191721930823085
12150,reject,3.642981516482539e-08,0.0031304908999301375,0.9968691507348116,3.219354429070981e-07
5834,reject,0.0014018298821602436,0.404153743892537,0.5556663739669362,0.03877805225836657
9246,reject,8.917489734512477e-08,0.011105147930462522,0.988892795665209,1.967229431160596e-06
5426,reject,9.401457110700504e-09,0.00036901824313762395,0.9996309368182422,3.553716301220661e-08
9408,reject,0.00020140643178131437,0.19574241625835728,0.7973725579180642,0.0066836193917972336
24268,reject,3.113805264773223e-05,0.09540685518833134,0.9042838487914527,0.0002781579675682617
13107,reject,7.03489854750311e-06,0.03532468842716135,0.9645544444042157,0.00011383227007544777
16395,reject,0.003002443173994644,0.06726185457689068,0.5549084775315019,0.37482722471761276
11762,reject,0.0001114819885508506,0.19811389265223986,0.79942428937668,0.002350335982529313
16047,reject,0.001187907010059501,0.16786035078413716,0.7936951068309701,0.03725663537483326
16613,reject,0.00023138044294919268,0.1762065796534209,0.817910435003225,0.005651604900405005
3595,reject,0.0007784204891044145,0.4078899480313411,0.5266015110839023,0.06473012039565221
14165,reject,2.0463480977296336e-07,0.0016862691631026761,0.9983130092058342,5.169962533949104e-07
17575,reject,5.487972902192579e-07,0.006110452417320256,0.9937453174214679,0.00014368136392166661
12583,reject,9.002610743042348e-05,0.3461564235952198,0.6478101133208526,0.005943436976497117
24125,reject,1.9344391914830434e-07,0.009889060917726135,0.9901058326818754,4.912956479236563e-06
3639,reject,1.8693183831243842e-07,0.0034213660971927945,0.9965740912292915,4.355741677345137e-06
9469,reject,6.843275456694546e-05,0.12313860485330477,0.8755071127437887,0.0012858496483396358
1179,poster,0.013611075040980516,0.6913540003238325,0.14551765105323067,0.14951727358195618
17870,reject,1.5960817964582988e-05,0.07449512449690833,0.9249516532776151,0.0005372614075119747
,reject,0.0018202991128544164,0.38989566268028375,0.559220240466232,0.049063797740629765
5683,reject,1.3082453994957187e-07,0.002900861432170315,0.9970958258915157,3.181851774129585e-06
22363,reject,5.168799848565297e-07,0.022380158540168935,0.9775617683048259,5.7556275020280884e-05
15564,reject,3.4711600012662304e-05,0.06588199160019802,0.9333607013750249,0.0007225954247643823
10548,reject,1.881193963996794e-07,0.002543175015271504,0.9974544318163999,2.2050489321419e-06
24412,reject,4.6931635093301214e-08,0.002779567492434322,0.9972200736155374,3.119603930694281e-07
2154,reject,7.913920582446773e-05,0.17620414431205522,0.8225204429891316,0.001196273492988796
10950,reject,8.784794489317348e-08,0.0018111452759732945,0.9981884096180214,3.572580603472416e-07
19422,reject,3.287739268233023e-07,0.016125534237073025,0.9838636031195659,1.053386943428879e-05
11067,reject,3.126997047322785e-07,0.004435979881730044,0.9955599613719203,3.7460466449543664e-06
2900,reject,7.089109713148782e-06,0.02575985380366321,0.9738443940104958,0.00038866307612792696
19221,reject,4.239620886038529e-06,0.0069948470855129025,0.9929410036878251,5.990960577587778e-05
12296,poster,0.017559805634400485,0.6979489158656339,0.11584769713738734,0.16864358136257815
9649,poster,0.0016313666909192352,0.5115842095504602,0.43648509147726694,0.0502993322813535
10373,reject,1.7454717092147383e-05,0.1201124772224816,0.8751977999588852,0.004672268101541033
13503,reject,9.731351872786014e-08,0.001459443276504802,0.998540004157536,4.552524404983913e-07
6291,reject,1.7926004932917969e-07,0.013965571899255283,0.9860268054684499,7.443372245298622e-06
2377,reject,8.182257251172158e-10,1.2738503003198127e-05,0.9999872606094957,6.927549925406943e-11
7481,reject,8.061029700536509e-06,0.03636619136423768,0.963507608205163,0.00011813940089881107
3075,reject,4.4619263944081e-09,0.00018745562611575898,0.9998125248629597,1.5048998170995372e-08
15505,reject,2.8910021725848604e-05,0.1192870959828084,0.8802622682919852,0.0004217257034805025
14828,reject,0.000151126746159953,0.13405297994197823,0.8642286831492979,0.0015672101625639184
9438,reject,4.009367984824383e-06,0.020144015533370446,0.9797882909627315,6.368413591332782e-05
2225,reject,6.817663821429486e-07,0.019719039993746374,0.9802507460479327,2.9532191938722472e-05
4062,reject,5.803566451930864e-09,0.00031061669131806404,0.9996893685995942,8.905521103018885e-09
22533,reject,1.4096831273392284e-06,0.051687686870535154,0.9476862478878147,0.0006246555585227792
4732,reject,6.82172609596157e-07,0.0031995794640763313,0.9967979177390685,1.820624245703331e-06
12801,reject,5.259384988137456e-05,0.052082046722045784,0.9467895275061153,0.0010758319219574838
15917,reject,4.812598152687113e-10,4.66293407141662e-05,0.9999533673500737,2.827952313204314e-09
24264,reject,2.5787482369040222e-09,0.0001382967064450194,0.9998616985050099,2.2097967393434315e-09
13108,poster,0.001414555505442289,0.37140382442608727,0.25811933263187176,0.36906228743659875
4050,reject,8.729169362694627e-06,0.01895974608419973,0.9805195789661338,0.0005119457803036899
18149,reject,6.73425696027536e-06,0.04338351237120883,0.956186200657554,0.0004235527142769527
,reject,9.49856785082705e-08,0.002102954127480249,0.9978949502663432,2.0006204979886684e-06
8146,spotlight,0.002316238025599851,0.27397745891230646,0.23861139556252484,0.48509490749956885
10721,reject,0.00036735787798384677,0.3632088686161733,0.5803510133678933,0.056072760137949484
13682,reject,3.55294642468643e-08,0.0025030720781995686,0.997495630616573,1.2617757631982462e-06
,reject,2.223660878310483e-10,7.630525689362378e-06,0.9999923692237571,2.818754398525107e-11
12734,reject,3.632662420257708e-06,0.020893249509688863,0.9735328140584764,0.005570303769414478
15238,reject,0.0008672040329708157,0.11932511862432317,0.6873426804628203,0.19246499687988564
4261,reject,1.8503867824346626e-06,0.009404624647840382,0.9905617168407947,3.180812458239203e-05
8237,reject,3.2531927458494504e-08,0.001655430366481455,0.9983442423672204,2.9473437065428617e-07
20711,reject,8.333999459353745e-05,0.21012719412006314,0.7867233807454702,0.003066085139872997
12513,reject,4.495497448231088e-06,0.06204877458022656,0.9375650090397496,0.00038172088257574057
8381,reject,0.0037897596906396594,0.40133281047120967,0.5514564337841592,0.04342099605399151
3657,reject,6.393696015497805e-06,0.017261958593331697,0.9822299006807553,0.0005017470298972564
4243,poster,0.0003560153775476847,0.5219183276541081,0.4024209624232616,0.07530469454508272
13371,reject,0.0001245914890093912,0.2406917249018194,0.7548223986131556,0.004361284996015565
4531,reject,2.0414283260098142e-07,0.0035750528385378806,0.9964224142047077,2.3288139218756487e-06
23639,reject,7.714629601248035e-10,0.00012751728058387678,0.9998724798547648,2.0931885597639294e-09
5844,reject,7.343613080132014e-09,9.554634523329694e-05,0.9999044390268121,7.2843414596346074e-09
17101,reject,3.435657206282488e-06,0.05827130212877399,0.9409943222279483,0.00073093998607124
25499,reject,2.401051128472951e-06,0.043501843477938264,0.956434369538037,6.138593289624205e-05
25369,spotlight,0.010427184485379456,0.10491324618796755,0.04050416793861085,0.8441554013880422
10565,reject,4.4685346840569203e-07,0.0011626757128401042,0.9988223656854346,1.4511748256960794e-05
16534,reject,6.051519788364652e-05,0.18554457854159523,0.812384856254745,0.002010050005776197
19240,poster,0.0026800231403400878,0.529974930541333,0.20654654593788133,0.26079850038044566
25618,reject,4.978400223887193e-10,0.00012282389305348404,0.9998771738749909,1.73411563004337e-09
15693,reject,9.710582350719067e-07,0.009010588462237571,0.9909381057878097,5.03346917175143e-05
8118,reject,1.0656541991811753e-06,0.008923858846911985,0.9910339568031931,4.11186956956935e-05
8273,reject,7.967033609324887e-06,0.03945564994767939,0.9604046659293206,0.00013171708939044361
5922,reject,5.6084039127249456e-09,7.872641021366111e-05,0.9999212626292001,5.352182192735611e-09
17285,reject,0.001368413427350188,0.22678652223901036,0.758117382279884,0.013727682053755493
18492,reject,8.918090178169414e-08,0.014894141034243066,0.9851018174256728,3.952359182528228e-06
9762,reject,1.6828834104397837e-06,0.008466528229754142,0.991477562538205,5.42263486305174e-05
22726,reject,3.199740085506303e-08,0.00045377922709114794,0.999546055432153,1.333433551007519e-07
14791,reject,1.4800651984244189e-08,0.0008559009881664553,0.9991439530967064,1.3111447509481673e-07
1398,reject,1.4050925251302324e-05,0.05700783813630499,0.9424357415244058,0.0005423694140379152
225,reject,2.0129016346942122e-07,0.001886368689374082,0.9981109900991486,2.4399213137192485e-06
20859,reject,0.000584379935119173,0.25224253488992643,0.7387925399444009,0.00838054523055352
22978,reject,6.82172609596157e-07,0.0031995794640763313,0.9967979177390685,1.820624245703331e-06
14844,reject,2.750743832251285e-07,0.01418866264517528,0.9857806553229045,3.0406957536961647e-05
24762,reject,8.424394880254654e-07,0.023455705479917953,0.9764419538620105,0.00010149821858338607
2816,reject,5.7774835542561605e-05,0.17786532716288891,0.8189467003365993,0.0031301976649692797
22504,reject,7.961649857622382e-09,0.0011816314330974909,0.998818235940216,1.246650367293531e-07
14391,reject,6.109886963694934e-05,0.05687611104373282,0.941898369280465,0.0011644208061652687
23719,reject,6.82172609596157e-07,0.0031995794640763313,0.9967979177390685,1.820624245703331e-06
21866,reject,0.00019696037679433424,0.09820105089236121,0.8966525067643971,0.004949481966447407
14362,poster,0.00023278412314738203,0.4894502370444131,0.4523848387702287,0.0579321400622109
3409,reject,5.807308945380925e-10,0.00013917042560424205,0.9998608196386104,9.35505448902393e-09
5723,reject,0.0001949634271350303,0.2787488909029255,0.7114116448738155,0.009644500796123945
5724,reject,3.4594414269889573e-09,4.5612362880799285e-05,0.9999543840411166,1.3656120735553928e-10
11294,reject,3.65859036793875e-07,0.002053890854984073,0.9979424811266482,3.2621593309378462e-06
11104,reject,0.00011919282605142909,0.12789501635911527,0.8703752883180911,0.0016105024967421025
25190,reject,0.00010063146672622821,0.058659383629967456,0.8634138547884619,0.07782613011484434
13997,reject,6.33050714264662e-08,0.008056601529536913,0.9919392929542147,4.042211176979049e-06
24759,reject,3.7631747778516334e-09,0.00027451244849603103,0.9997254751500074,8.638321784505601e-09
4171,reject,0.00042200205027480856,0.3886661755608862,0.6008537858964402,0.010058036492398902
19693,reject,2.6426999544773734e-10,0.00032467689980471504,0.9996752692913395,5.354458553082318e-08
2793,reject,0.0003438112121326022,0.446006088784476,0.48779839032393096,0.06585170967946044
148,reject,6.545015308785249e-05,0.09552784041656028,0.9030510754881662,0.0013556339421856994
15941,reject,5.740381667069228e-07,0.012181964173850866,0.9878091486816671,8.313106315308995e-06
13943,reject,3.513283877165663e-05,0.20422525040960274,0.7944923818836501,0.0012472348679753824
15582,reject,1.3522557193397967e-06,0.009577239637179215,0.9903838311088269,3.757699827469016e-05
19950,reject,2.0142608509942807e-06,0.052672158733394696,0.9472037000049426,0.000122127000811744
15831,reject,0.0002359746655472425,0.09851408568636423,0.8892202238918445,0.01202971575624404
11780,poster,0.0015692702140717493,0.3814538137852547,0.3412295769894135,0.2757473390112601
8043,reject,0.0012945234080042006,0.3252913044181599,0.3960408469851913,0.27737332518864455
17914,reject,1.8166889615293146e-05,0.13103284513838326,0.8639492170106764,0.004999770961324959
9066,reject,7.348229051721571e-08,0.0014367376311488723,0.9985500656043601,1.3123282200556615e-05
10165,reject,0.0016545879202326582,0.17313397350766094,0.7972301929250013,0.027981245647105135
9658,reject,0.0004967218300758174,0.34651218677581397,0.6304840240354754,0.022507067358634725
,reject,0.00036925734831223485,0.4615406425072985,0.46473006808720796,0.07336003205718136
1894,reject,2.6516934260421934e-07,0.004426313921719514,0.9955695331170058,3.887791932032628e-06
333,reject,0.00286471448887965,0.3136904865052757,0.6434211492499597,0.04002364975588486
2217,reject,0.0007773176733201548,0.26511863948331127,0.7032714112497017,0.030832631593666848
3167,reject,0.0010134109237357708,0.39111022920776745,0.40653948346433283,0.20133687640416395
10558,reject,4.5285894350347424e-07,0.006322795736458108,0.9936716992803023,5.052124295929416e-06
18540,reject,8.005663401287368e-10,5.817190473160303e-06,0.9999941819371099,7.185051627475842e-11
10235,reject,0.00023412946923110755,0.3413851387215171,0.5218065007121505,0.13657423109710123
16389,spotlight,0.010129416336076528,0.3104459430193988,0.04429094610056431,0.6351336945439604
1193,poster,0.0021803801271467783,0.48907828401484155,0.21036146224217275,0.29837987361583906
15804,reject,3.2854378734395533e-07,0.00929007297595859,0.9907028109864313,6.787493822718243e-06
14758,reject,3.150696742632151e-05,0.14185384162404832,0.8567537223028503,0.0013609291056751376
810,reject,1.50301067129408e-06,0.01716381338469266,0.9825675513064961,0.000267132298139984
20565,reject,3.181329697593426e-06,0.0939935266942354,0.9053683480174428,0.0006349439586241044
9655,reject,5.7939912420922015e-09,0.0022827232955322818,0.9977172042007492,6.670972734708012e-08
37,reject,1.079278241049138e-09,6.583120112886935e-05,0.9999341655585443,2.161048518492082e-09
16691,reject,3.118685733458441e-06,0.03326239904228809,0.9666517183193264,8.27639526520835e-05
2318,reject,8.570065677436118e-08,0.0022656549556486936,0.9977325679377124,1.6914059822545784e-06
11961,reject,3.200122657366941e-07,0.0018735688519776461,0.9981203434439646,5.767691792030018e-06
5300,reject,4.484219939051884e-09,0.0005531194317560703,0.99944676189122,1.1419280418299006e-07
9111,reject,5.151444512319302e-07,0.005266991303149165,0.9947108653900304,2.162816236923001e-05
25252,reject,2.432111443192507e-07,0.003280797795415365,0.9967142503197219,4.708673718361084e-06
12180,reject,6.9910854918915545e-06,0.02622475053577484,0.9666865963520097,0.007081662026723615
15622,spotlight,0.02128176502846922,0.0029703391648032607,0.004195239415039312,0.9715526563916882
4765,reject,5.110513287796024e-05,0.07129387632563897,0.9267927653399822,0.0018622532015008548
18082,reject,0.0006110200883347755,0.25200035123282516,0.7212133434934525,0.026175285185387604
14314,spotlight,0.011116351499407538,0.18927439500509874,0.056875944219652745,0.742733309275841
22706,reject,7.0118712438927085e-09,0.0010915983568527804,0.9989083230595006,7.157177528170428e-08
17621,reject,1.5639289035713827e-05,0.19478785413103936,0.8038315764387641,0.001364930141160867
6362,poster,0.003474843251094959,0.4336178877578956,0.23873167638115794,0.3241755926098515
21332,reject,0.0004486666618290425,0.27346049039940934,0.7165459651446356,0.009544877794125984
17301,reject,4.287660596255922e-08,0.009250134693571459,0.9905975302972102,0.00015229213261227088
5315,reject,3.556230269159736e-05,0.09892397768423458,0.9007877385938146,0.0002527214192593316
15527,poster,0.0013209349659142088,0.4691684944565238,0.4359790788929464,0.09353149168461548
5543,reject,1.2800904592784217e-06,0.04569918849461056,0.9538421750721723,0.0004573563427577038
21916,reject,4.936062366195604e-09,0.00027205246876062353,0.9997279326739856,9.921191340012473e-09
21932,reject,1.300976497243747e-06,0.030967222702909542,0.9689796635571329,5.181276346019096e-05
12796,reject,7.998055434786578e-06,0.06010995858247769,0.9392664424455114,0.0006156009165760143
4175,reject,3.111688189542239e-08,0.0008135770931376136,0.999186302190013,8.95999674686825e-08
,reject,3.3392715828045767e-06,0.027744835575455606,0.9721655513274188,8.627382554279564e-05
25508,reject,6.443592878845416e-07,0.015316232763465498,0.9843078120427137,0.00037531083453298873
19122,reject,4.317087161398943e-05,0.08132160048350483,0.9174655511838735,0.0011696774610075232
4804,reject,3.4139705985545248e-09,3.614051391511307e-06,0.9999963825338855,7.524407292476221e-13
7432,poster,0.000613301080602835,0.5887189695596454,0.3865367620500606,0.024130967309691234
18378,reject,4.670898304604132e-10,1.1708879930932995e-05,0.9999882906226155,3.036371148595796e-11
24293,reject,6.79469753434829e-05,0.0640989954556866,0.9350090988858185,0.0008239586831514486
,reject,6.728383663999316e-07,0.003944182761941313,0.9960344078576686,2.0736542023734377e-05
12208,reject,9.35094181537892e-06,0.1722021150165794,0.8270459931165877,0.0007425409250174989
13841,reject,6.617627976254041e-06,0.0190339019055419,0.9804964301026328,0.00046305036384905983
