submission_number,pred_status,proba_oral,proba_poster,proba_reject,proba_spotlight
6845,reject,9.311019192879462e-07,0.0286560679356769,0.9713182160601371,2.4784902266747713e-05
21857,reject,5.604427282320971e-08,0.0028320049199677686,0.9971676524166329,2.866191266220296e-07
14292,reject,7.231815307983498e-08,0.002781007128346227,0.9972174939934983,1.426560002304689e-06
9157,reject,1.0785147284439447e-10,9.567228801757179e-05,0.9999043267425365,8.615944909196312e-10
19036,reject,3.0192003674103303e-06,0.07535729896969516,0.9245718122286378,6.786960129949286e-05
1711,reject,4.961278037846068e-05,0.1970391340057105,0.8020413532129879,0.0008699000009232446
20949,reject,3.3494082899498233e-07,0.023973736551828634,0.9760216979456653,4.230561677014227e-06
19416,reject,2.0426664861154156e-05,0.049026033319830596,0.950448123359069,0.0005054166562392238
5782,reject,0.0019552794936618036,0.31991378045804114,0.3586629443134233,0.3194679957348737
18276,poster,0.00012713094833627494,0.5513766612057502,0.43913623201732344,0.00935997582859013
2669,reject,5.8034824630307114e-08,0.012668862886799399,0.9873281494205723,2.9296578035893706e-06
6759,reject,2.757061494346441e-07,0.009323503652453626,0.9906728376034156,3.383037981423943e-06
7389,reject,5.4151352532414e-07,0.013208727372497253,0.9867845313096502,6.1998043271701355e-06
9918,reject,2.925821275124847e-06,0.014515947812649251,0.9851910021522543,0.00029012421382130165
17048,reject,4.045459968619781e-08,0.005500011591318979,0.9944987565285475,1.191425533904956e-06
22991,reject,9.35968545231886e-05,0.3869803356209114,0.6074420917343781,0.005483975790187367
11167,reject,9.156671264501007e-06,0.017801176852952877,0.9821246090368002,6.505743898252821e-05
525,reject,1.080590647379111e-07,0.006969052435949241,0.9930302203697452,6.19135240923132e-07
19723,reject,0.00016933659117751243,0.07029466872892419,0.8534309212671659,0.07610507341273234
3835,spotlight,0.0040694081780666596,0.31064241529955544,0.053231242510268624,0.6320569340121092
,reject,4.1767498356736065e-08,0.0010025290399807317,0.9989964823892364,9.468032842994613e-07
2804,reject,7.887145205032347e-06,0.0771021499298318,0.9200994831733669,0.0027904797515962442
23149,reject,7.485710215598238e-06,0.1129130614804307,0.886579102266795,0.0005003505425588001
1461,reject,4.259810051833532e-06,0.11248163122089044,0.885820452850598,0.0016936561184597335
13133,poster,0.00020496204908941468,0.39955229652696417,0.27906748383883234,0.321175257585114
23926,reject,6.015559537655187e-07,0.05208945230209961,0.9478670477269799,4.2898414966688475e-05
13150,reject,4.536040758330487e-08,0.0052329324986912255,0.9947649258530759,2.0962878253418027e-06
3349,reject,6.786757060961486e-10,0.00011535182053280154,0.9998846260668793,2.143391205333099e-08
9695,reject,4.629523702917455e-09,0.00046710756523904787,0.9995328818053544,5.9998828168567214e-09
13771,reject,3.3783263583487165e-10,7.167692059988564e-05,0.9999283175980945,5.14347290222893e-09
3367,reject,6.5090063860054e-09,0.0004741209824388172,0.9995258511161685,2.1392386204860554e-08
7123,reject,6.2264803191962e-07,0.02733741239921201,0.972620943761474,4.102119128205053e-05
18854,reject,0.0018779763239424624,0.2758877686887397,0.4050980754503202,0.3171361795369976
8619,reject,6.021542589703103e-08,0.0005980809699829244,0.9994010689878426,7.898267485730605e-07
23238,reject,7.233463980697703e-05,0.1542637688786105,0.8437135123111474,0.0019503841704350663
18976,reject,3.730991757384816e-07,0.004004503894642913,0.9959857837215386,9.33928464291026e-06
4933,poster,0.0016782285959040404,0.6246374702978537,0.281378643066053,0.09230565804018928
15935,reject,2.984528963796366e-07,0.007932689094435967,0.9920301949794512,3.681747321644886e-05
6408,reject,3.1543373460336455e-09,5.789883584787977e-05,0.9999420961101838,1.8996309620342374e-09
9930,reject,4.299906234213401e-08,0.000772578753629302,0.9992272500837922,1.2816351627773517e-07
2942,reject,1.2351953698347595e-07,0.010563314400212142,0.9894337482793901,2.813800860630305e-06
903,spotlight,0.023302869424127848,0.10220247372896808,0.015025495142765846,0.8594691617041382
16593,reject,1.3339326214062938e-08,0.0021443518861734264,0.9978554619274561,1.7284704427668134e-07
308,reject,3.622498898846001e-07,0.011149625229822591,0.9888462361383898,3.7763818976864747e-06
10412,reject,1.568738578385403e-08,0.0005787124870142215,0.999421125331993,1.4649360705163764e-07
7273,reject,1.3469751551871002e-06,0.027742119236087798,0.972206179066993,5.035472176400504e-05
16826,reject,7.915572035212505e-05,0.1960711401756021,0.8026507787100939,0.0011989253939518045
12955,reject,1.278947738856652e-05,0.03572223356527452,0.9638260616269965,0.0004389153303404275
23801,reject,2.289402907295982e-06,0.061468170346136136,0.9384401784832321,8.936176772443748e-05
11483,poster,0.0005721161409182239,0.644929569866557,0.13489923121245956,0.21959908278006515
11148,poster,0.0005778825758821257,0.729681149982391,0.23607189409929785,0.03366907334242909
12551,reject,1.6714428069790876e-06,0.025441600277130435,0.9745120587057203,4.466957434238828e-05
14192,reject,4.8797853777271215e-08,0.0038249987155332993,0.9961736679630999,1.28452351279457e-06
13925,reject,1.8696339260283517e-05,0.11662777812502007,0.8823278476239459,0.0010256779117738689
22893,reject,1.1524360102499506e-07,0.003284214950047963,0.9967124368785546,3.232927796456918e-06
9620,reject,5.573254164250164e-05,0.4530084571410755,0.5413598409812088,0.005575969336073295
5050,reject,5.3713991891496366e-05,0.10011228828898669,0.8875461521038349,0.012287845615286903
24843,reject,2.6933903326848582e-05,0.2290239578094545,0.769874392910486,0.0010747153767327498
2528,reject,3.5751072801423436e-08,0.0021316139648258118,0.9978682595352237,9.074887770454336e-08
3011,reject,6.118249387797798e-10,0.00026645717742755,0.9997335394341996,2.776547924734215e-09
4954,reject,1.0765198906476103e-05,0.10166855365043763,0.8951641696806186,0.0031565114700373297
23289,reject,0.00019355012903007456,0.2160399784154966,0.7620646586188616,0.021701812836611618
16151,reject,9.711567501510934e-05,0.0987414124047462,0.8601805958635506,0.04098087605668826
15017,spotlight,0.003120581199861919,0.33890567682481476,0.14149329640874903,0.5164804455665742
8996,poster,0.0028274558053867495,0.8632322581003218,0.08010545169058399,0.05383483440370761
19944,poster,0.0005739277978164745,0.6808873222269008,0.08302038598738529,0.2355183639878975
10880,reject,0.0004516664440773655,0.4550319847643979,0.5373791352278267,0.007137213563698034
272,poster,0.00029133862144810606,0.5961622094558491,0.33640134786134374,0.06714510406135919
7858,reject,4.244091571571446e-05,0.29024377256672107,0.7075909621478389,0.002122824369724287
9221,reject,2.338282105163065e-07,0.0035056859248842553,0.9964677380149054,2.6342231999789567e-05
20343,poster,0.00046549181054472125,0.5225670712637553,0.3959438934472152,0.08102354347848471
3621,reject,7.671064064777469e-08,0.002963529041938284,0.9970348555157628,1.5387316582903852e-06
21809,reject,9.300332128029928e-08,0.009328131894664506,0.9906704811890709,1.293912943415937e-06
19298,reject,7.149265627937177e-07,0.0473844907232049,0.9525701339564344,4.466039379807189e-05
4298,reject,9.23212171591433e-05,0.2420444639367669,0.7448298315658092,0.013033383280264797
22272,poster,0.0020797448434528077,0.6002600861344275,0.1165772039649615,0.2810829650571581
5183,reject,2.7031978563390627e-06,0.025074783824699513,0.9748734308488237,4.908212862058175e-05
19599,reject,5.434495028750258e-09,0.0004779004145745509,0.9995220201648588,7.398607149823795e-08
2183,reject,5.560467162649666e-05,0.43409672147680806,0.559494316052975,0.006353357798590405
24657,reject,0.00012878769619503427,0.2585413527150349,0.7392636534096151,0.0020662061791549818
23410,reject,1.027712743074405e-08,0.00027387840133476346,0.9997259957993084,1.1552222941013677e-07
11055,reject,2.3711629368811326e-05,0.18833102203641228,0.810024708930795,0.0016205574034239265
17956,poster,0.0021641416259395945,0.5660514416539535,0.11716434558639051,0.31462007113371643
2610,reject,1.0640541355975928e-07,0.0035751632090166774,0.9964245160720667,2.143135030039249e-07
24104,reject,2.244005958837319e-05,0.21250025802667025,0.7867279595249037,0.0007493423888376167
2713,reject,2.3256391003356792e-07,0.030605307114686127,0.9692719071978213,0.00012255312358244608
16919,poster,0.0006305148523448883,0.559331645919777,0.14367862650777413,0.29635921272010385
24471,reject,1.189969760710731e-06,0.052537122064765046,0.9474081435539966,5.35444114776275e-05
10135,reject,2.0727343957638125e-05,0.4386561446635093,0.5538359336586279,0.007487194333905141
217,reject,7.501611569900573e-08,0.0008297809355184878,0.9991699865712217,1.5747714424763783e-07
15897,reject,3.2381932556108988e-06,0.04950043341752148,0.950436760979541,5.956740968177714e-05
10053,reject,5.369496502375596e-08,0.001382123402486065,0.998617530163873,2.927386759752319e-07
16659,reject,2.2305209770984507e-09,0.0004847695528108463,0.9995151749982534,5.3218414873913267e-08
5038,reject,2.96468339437597e-07,0.021077738014153923,0.9789140410638387,7.924453667923971e-06
11921,reject,1.2359491438817688e-05,0.2553255109525629,0.7441155362745188,0.0005465932814795736
5674,reject,0.00016377578207432174,0.25663043936283697,0.6877529023143378,0.055452882540750884
25449,reject,1.8701290193962615e-10,6.355693534948174e-06,0.9999936441136134,5.838753790754214e-12
13998,reject,9.823633649782971e-05,0.44237313991890104,0.552861385432507,0.004667238312094207
18485,reject,1.0020881022483347e-08,0.004367056528938574,0.995632753423675,1.8002650545093303e-07
16981,reject,2.367324528840904e-06,0.013842617710834304,0.9861105136582159,4.450130642103115e-05
3629,reject,8.034956367104862e-05,0.34254584204174177,0.615901245857877,0.04147256253671027
14431,reject,1.2310427626969908e-08,0.003957786324138878,0.9960420754509204,1.2591451312479213e-07
2552,reject,1.4137196173732557e-10,4.0067280685867455e-06,0.9999959931238513,6.708271421130373e-12
17639,reject,5.060558688703031e-07,0.043122030606440195,0.9568395719901982,3.789134749263303e-05
4737,poster,0.0016452623154379787,0.558039755778532,0.4149570724415613,0.02535790946446867
13460,reject,9.646988111609336e-07,0.020815841232539923,0.9791417440305487,4.145003810022021e-05
5409,poster,0.000914626900079948,0.6720750936831519,0.2952975653000746,0.031712714116693644
8147,reject,2.0660116202232757e-09,0.0001653752303845144,0.9998346182015373,4.502066593986564e-09
21838,reject,1.8882741284955347e-07,0.0040683539879909775,0.9959283830813854,3.0741032108219404e-06
18263,reject,2.5591249892411224e-06,0.024446127408239152,0.9755107389458424,4.057452092932408e-05
20069,reject,1.750587225202288e-07,0.0019411027518698538,0.998056400946251,2.321243156634596e-06
22896,reject,8.022896833238905e-09,0.00021480657465376032,0.9997851044596743,8.09427749364167e-08
22663,reject,7.836457113944067e-08,0.008046166889848211,0.9919520215072052,1.73323837545711e-06
7283,reject,4.064614390300608e-08,0.004578290349621596,0.99542058169661,1.0873076246590857e-06
9941,reject,7.110033406727196e-07,0.06260364437267243,0.9373441342113047,5.151041268211947e-05
7653,reject,1.2350099327805571e-10,2.337447919822225e-05,0.9999766242591417,1.138159192242558e-09
22227,reject,7.316213567033279e-07,0.010134864181168237,0.989860051147498,4.353049977146283e-06
1839,poster,0.0015189976952653622,0.4607976843217025,0.3026103985794281,0.23507291940360403
,reject,3.170645597183311e-05,0.2748384454635758,0.7239061427581874,0.0012237053222650105
12501,poster,0.0007712007997023638,0.5471251148849566,0.21089965462320753,0.2412040296921335
6447,reject,2.3920802016733133e-06,0.013268937138958117,0.9866895214644219,3.914931641817938e-05
897,reject,1.4935016553326244e-08,0.01619880498771651,0.9837994811835086,1.6988937583156826e-06
17319,reject,1.0308644987355271e-06,0.012626190401081651,0.9873647368931402,8.041841279371353e-06
17547,reject,1.1589861987503862e-08,0.0007527997646220991,0.9992470730797048,1.1556581108359582e-07
24376,reject,3.464216311401749e-07,0.005012377391835981,0.9949638137635094,2.346242302355618e-05
25400,reject,1.5346916148745814e-06,0.012043749530399677,0.9879131497715355,4.1566006449853626e-05
7837,reject,2.7224729114462532e-06,0.06899624864744318,0.9309092972427202,9.173163692526659e-05
7664,reject,4.235162834041163e-08,0.0005653450467154701,0.9994345798795752,3.2722080831608324e-08
8583,reject,3.723748884619404e-09,0.0004279506419890264,0.9995719771370651,6.849719711936973e-08
14114,reject,3.0415290499459235e-08,0.0006774748784364245,0.9993223564979106,1.3820836259020775e-07
18382,reject,1.3737863379136343e-06,0.07422429428178486,0.9257042982515737,7.003368030365203e-05
22990,reject,3.874420887051266e-08,0.0018317929868612607,0.9981680983536423,6.991528767441344e-08
12,reject,2.390462871790691e-07,0.02671115897906118,0.9732589613273698,2.9640647281943543e-05
15431,reject,1.2863600918266468e-06,0.05472565952565154,0.9452207881509923,5.226596326437094e-05
19983,poster,0.0004958264598728698,0.5121158538188902,0.39715207127139873,0.09023624844983827
10932,reject,1.2539331934610415e-06,0.03876117884134371,0.9611922924141298,4.527481133276364e-05
2808,poster,0.003836264848506019,0.8791262411461909,0.06179021845661537,0.055247275548687955
12740,reject,0.00010368064394891413,0.39347105209787947,0.5499399055435139,0.05648536171465762
3786,reject,6.000678390290343e-06,0.02734311272169324,0.9726105796318784,4.030696803817756e-05
12866,reject,1.4481190642318758e-07,0.018513709374216047,0.9814811382452114,5.007568665976027e-06
1989,poster,0.00034388492294994854,0.5014367574161966,0.4901500054762824,0.008069352184571084
7896,reject,2.1743291287701235e-06,0.059182274591601795,0.9407467153686644,6.883571060495358e-05
3439,reject,2.9721153411072054e-09,0.00041388112723230163,0.9995861113928828,4.507769463784985e-09
13435,poster,0.0039677512504695004,0.8388432111472469,0.09093150618802434,0.06625753141425929
9571,reject,0.00023293819896523784,0.3050017325409819,0.6883560870223411,0.0064092422377118015
23596,reject,1.690736177635592e-07,0.0041938095098689185,0.9958055940352278,4.273812852869475e-07
15672,reject,3.7705233883719695e-07,0.002318041934661865,0.997678901425002,2.6795879972213934e-06
17797,reject,0.0002091709410743582,0.4684920707988277,0.5242338638804642,0.007064894379633682
18386,reject,4.2487448096961663e-07,0.02157180956389242,0.9783916703881387,3.609517348796087e-05
,reject,8.064326792327111e-05,0.2479383805149495,0.7124013103600594,0.03957966585706784
14856,spotlight,0.0019616820602896866,0.34208713335972385,0.08541694406032994,0.5705342405196564
2854,reject,8.412329209219372e-08,0.0023497333794258142,0.9976498573347816,3.251625005413098e-07
8282,reject,7.518382847845997e-07,0.003031238471524704,0.9969658257537692,2.18393642130412e-06
12763,poster,6.220993797181913e-05,0.512758284568263,0.48182195561339314,0.00535754988037206
5162,reject,2.9976649209999793e-07,0.022834606684155802,0.9771402595549233,2.4833994428624472e-05
24441,reject,0.0002193467563377711,0.38358613550841153,0.609679832289046,0.006514685446204715
1486,reject,1.542486422012249e-05,0.14617139778572583,0.8531539163190388,0.000659261031015431
18506,reject,1.4437396156211966e-07,0.004522408082041233,0.9954738521011867,3.595442810655963e-06
20719,poster,0.0011920728516278145,0.46790736999780963,0.453503447785016,0.07739710936554657
16883,reject,1.4603175474723418e-05,0.08339929389831661,0.9109751029271473,0.005610999999061333
9253,reject,2.199821571613839e-06,0.025981159972316193,0.9734490491696837,0.0005675910364285968
3415,reject,0.0003220661341038292,0.457302101280491,0.47619605334677484,0.06617977923863025
17435,reject,0.00020623145394469542,0.33549076934385286,0.65771653698383,0.006586462218372287
10584,reject,3.394547315508891e-08,0.001636290362528803,0.9983635645834107,1.1110858717165369e-07
25317,reject,4.438267605027786e-09,0.00019926661184848526,0.9998007222578237,6.692060129889328e-09
16188,reject,4.4684103490875956e-08,0.005480707394911854,0.994517839707121,1.4082138637100354e-06
4842,reject,0.00029239053166173657,0.4175391257224072,0.5117239134620754,0.07044457028385566
17932,reject,3.6746799175784693e-06,0.07269670290691822,0.9272174189423521,8.220347081210496e-05
5608,reject,1.310920619439698e-06,0.07890204780155459,0.9210105997982168,8.604147960912215e-05
4274,reject,7.518382847845997e-07,0.003031238471524704,0.9969658257537692,2.18393642130412e-06
23538,reject,8.779079258258297e-06,0.20030048562728914,0.7992910371722066,0.00039969812124599646
7398,spotlight,0.003724259261307204,0.20361126289058032,0.006721725742750227,0.7859427521053624
12253,reject,1.2596000815150362e-07,0.007666473943674994,0.9923313133176036,2.0867787131774066e-06
14055,reject,9.592525943026746e-07,0.03825564694925042,0.9617174890586011,2.5904739554225983e-05
4768,reject,1.276796013563194e-07,0.012153111197104034,0.9878424466260127,4.3144972817130905e-06
14660,reject,3.8116771312785974e-08,0.0025125096789866096,0.997486424312618,1.0278916239602522e-06
8153,reject,5.983961432181799e-09,5.456282854946811e-05,0.9999454310114664,1.7602265677085182e-10
13317,reject,0.00017876253335295109,0.2149510325192945,0.771158682726789,0.013711522220563488
7728,reject,5.67549241726901e-08,0.0035167255219826173,0.9964812094710314,2.0082520617919385e-06
22845,reject,2.918737289965329e-07,0.00624403388051942,0.9937520324189374,3.6418268143115375e-06
15043,reject,8.394051914599789e-06,0.10320320070639516,0.8963595231542569,0.00042888208743319974
9744,reject,4.0430444759323993e-07,0.007222303032427528,0.9924075229029095,0.0003697697602154519
21745,reject,9.886757364165533e-11,4.1475092349541546e-05,0.9999585247629228,4.586005338032469e-11
21197,reject,1.6541955841321267e-08,0.00033618810812018854,0.9996637856682695,9.681654521848971e-09
12710,reject,6.81474115979141e-07,0.010593884760940983,0.989298892270965,0.00010654149397816354
,reject,1.2770839785674422e-08,4.973660150268744e-05,0.9999502503793383,2.4831930319517533e-10
3799,reject,4.7316209950343865e-09,0.00048163134375327665,0.9995183571018146,6.822811106441006e-09
22013,reject,4.556560351999161e-07,0.021011824135728142,0.9789801050065245,7.615201712021329e-06
2960,poster,0.0007153523931218227,0.6032214450697472,0.36819391434285786,0.027869288194273274
19968,reject,3.29072032457936e-06,0.04922572640438332,0.9507018619271468,6.912094814536343e-05
16046,reject,3.887447038267146e-05,0.3671558766901417,0.5929846966479723,0.039820552191503336
,reject,2.8580905414092775e-07,0.011028205147965035,0.9889691793283445,2.329714636420988e-06
4495,reject,5.0263037583081415e-09,0.001672341467923593,0.9983273010315413,3.524742314219891e-07
8908,poster,0.00038151822457636853,0.7091359229366454,0.2756841410483763,0.014798417790401874
24900,reject,6.788429600416164e-09,2.997752811491753e-05,0.999970015419367,2.64088450749592e-10
23126,reject,1.8624101212929333e-06,0.06624493193717285,0.9336924959110121,6.07097416937965e-05
21335,poster,0.0015965257712881947,0.7561577790626199,0.2097222138533144,0.032523481312777415
23614,reject,7.518382847845997e-07,0.003031238471524704,0.9969658257537692,2.18393642130412e-06
7570,reject,1.4642377068952384e-05,0.058029548918416225,0.9362741296249728,0.005681679079542092
18335,reject,7.91094294678049e-07,0.07519342581611667,0.924746867856134,5.89152334546688e-05
18244,poster,0.0019063075656394822,0.5296741533609621,0.1910212127126424,0.27739832636075595
9450,reject,1.7687220844296374e-05,0.12807792685427868,0.8712073220372282,0.0006970638876487458
17052,reject,2.1503455702142316e-07,0.016292781333247488,0.9836658555678017,4.114806439366787e-05
5156,reject,2.149113474302633e-05,0.08593903266971092,0.9137043981548905,0.00033507804065548375
4979,reject,0.001691573785770052,0.3495726619035274,0.3647942923501718,0.28394147196053066
1796,reject,9.853329965643511e-08,0.012129974464526025,0.987867035379982,2.891622192305404e-06
20957,reject,4.2542077115434913e-08,0.0017794744277483353,0.9982194306911563,1.0523390182308312e-06
22484,reject,1.46887071107725e-06,0.03283240245535665,0.9671078118934268,5.8316780505451443e-05
9621,poster,0.0003474426265950809,0.6004185544807797,0.32899486824982793,0.07023913464279716
12076,reject,5.812680360025248e-08,0.0027605550389763734,0.9972378658978741,1.5209363458537217e-06
23607,reject,1.6241693746989048e-08,0.005410482369230399,0.9945893319487161,1.6944035970726374e-07
5232,reject,1.2720744940722247e-07,0.003667725722088934,0.9963298995418239,2.2475286377310056e-06
11179,reject,7.569801219508659e-07,0.022818837009480567,0.9771709015257319,9.504484665540275e-06
12938,reject,4.097428434794965e-07,0.01640110615615965,0.9835934849553326,4.999145664360329e-06
23970,poster,0.000953743661094694,0.7377738481453873,0.2319060782682651,0.029366329925252843
4819,reject,1.0276391355810263e-08,0.0006955219287215454,0.9993043692527441,9.854214289400525e-08
352,reject,1.4220207554069237e-08,0.002240182829491122,0.9977596596966275,1.4325367380937484e-07
2750,reject,4.799465134351522e-07,0.02509761304944579,0.9748668715912483,3.503541279244195e-05
3008,reject,1.297023494730254e-08,3.890005591919257e-05,0.9999610868201585,1.536871944594686e-10
4932,reject,3.524241889224515e-06,0.12067368881644518,0.8783105139624237,0.001012272979241965
12686,reject,1.9342907876102133e-07,0.002896262912565032,0.9970892673732991,1.4276285056974982e-05
2053,reject,0.0005702250055453439,0.3357238398054466,0.6518993792220897,0.011806555966918306
22370,reject,4.169415005093119e-09,0.00020888859517643422,0.9997911014138665,5.821541987003644e-09
6449,poster,0.0006806864523531961,0.7070715587619097,0.26965202521114867,0.02259572957458844
2167,reject,3.489949869480585e-05,0.14603363226809793,0.8530294347573282,0.0009020334758789912
,reject,7.327390565051762e-09,0.00014013068022108785,0.9998598557399531,6.252435177891109e-09
4064,reject,3.898712118160711e-06,0.05189145917627781,0.9476995799188324,0.00040506219277156497
10873,reject,6.876212909572519e-09,0.005556017589171075,0.9944434487964401,5.267381759765279e-07
20584,reject,1.5303339837636963e-08,0.002554083379094464,0.9974457302893048,1.7102826084511291e-07
22044,reject,9.678511746726638e-07,0.09089831854904641,0.9087813026971634,0.0003194109026154977
4343,reject,0.0001077440875804877,0.41255386019030527,0.581264864883179,0.006073530838935156
3426,reject,1.337964467634764e-05,0.05016110341864759,0.9493516320244936,0.0004738849121824158
22863,poster,0.0014733836475305383,0.6259618078243524,0.33129465827639604,0.041270150251720976
24772,reject,9.432698563164307e-10,2.9293557199329942e-05,0.999970705411871,8.765982247716923e-11
15249,spotlight,0.01264439932774822,0.023822403546912122,0.012424537571234155,0.9511086595541055
,reject,1.314521005642258e-07,0.009025134991756981,0.990973309965675,1.4235904672354945e-06
5429,reject,6.76432143101364e-06,0.021954849940247958,0.9776155011899405,0.0004228845483805
4516,reject,1.130459979671041e-05,0.2665852575802169,0.7320309274053363,0.0013725104146502106
11732,reject,3.039613417439148e-05,0.10277648482744782,0.8965109465883472,0.0006821724500306286
4421,reject,5.241526338906222e-05,0.24231598062761067,0.7451068361676718,0.012524767941328443
23645,reject,1.2347211572072836e-09,0.00013917035352020065,0.9998608262394166,2.1723421752287843e-09
9925,reject,1.1248116037930764e-07,0.009052584472947925,0.9909456023900238,1.700655867710643e-06
15474,reject,5.0451253049231e-08,0.006032689521048778,0.9939652921495673,1.9678781308688084e-06
1612,reject,1.864471048741431e-09,7.365190218935339e-05,0.9999263460921055,1.4123406228492223e-10
449,spotlight,0.004137538117873154,0.21065155239448977,0.00998538451750013,0.7752255249701369
12150,reject,2.9659556111939315e-08,0.004514902186068787,0.9954847949175515,2.7323682344747617e-07
5834,poster,0.0005242936369193053,0.5585837574590213,0.4145835962125696,0.026308352691489765
9246,reject,7.563707213360999e-08,0.016081333740277724,0.9839167807779908,1.809844659240255e-06
5426,reject,8.951856753616559e-09,0.0006726979271018904,0.9993272577382643,3.538277704943684e-08
9408,reject,9.151008073582736e-05,0.27696480997976297,0.7179778118735638,0.004965868065937398
24268,reject,1.2774883308332987e-05,0.07870195140911701,0.9211731200967015,0.00011215361087305342
13107,reject,1.4806364252361898e-06,0.018388124143229524,0.9815727094953235,3.7685725021837044e-05
16395,spotlight,0.005773312858257397,0.11933963296392407,0.27990254890791894,0.5949845052698995
11762,reject,5.188341993415176e-05,0.23111439843698767,0.7674448613971881,0.0013888567458900667
16047,reject,0.0006441662000901206,0.3048581332507898,0.6636400571362907,0.030857643412829497
16613,reject,8.321030654887748e-05,0.23718094536250925,0.7595546681011068,0.0031811762298351674
3595,poster,0.0006040829519832738,0.5729976707295651,0.36504434101171107,0.061353905306740626
14165,reject,2.599556769559293e-07,0.004264182538039104,0.9957348211804004,7.363258836403496e-07
17575,reject,3.1872867890632135e-07,0.0062080236464755545,0.9936680614658691,0.00012359615897662338
12583,reject,2.89756218129314e-05,0.4280795950858282,0.5680803252692844,0.003811104023074441
24125,reject,1.2113571933818923e-07,0.011001314089674695,0.9889957288049459,2.8359696600805267e-06
3639,reject,8.447594565569161e-08,0.002746906422745465,0.9972505638904202,2.4452108887840167e-06
9469,reject,3.3508758513552226e-05,0.14632661613392842,0.8529259312536888,0.0007139438538693344
1179,poster,0.004288540241629913,0.8377147108111751,0.07387116579406765,0.08412558315312725
17870,reject,1.3325959530523012e-05,0.14745332293491867,0.8519306032290623,0.0006027478764883984
,poster,0.0007764872696066113,0.6121843554566688,0.3528827978890161,0.03415635938470862
5683,reject,8.716125474851675e-08,0.0028791944149571995,0.9971185604795267,2.1579442612717655e-06
22363,reject,4.13896076824979e-07,0.04500058843895646,0.9549436166891826,5.538097578402748e-05
15564,reject,2.8581152899997218e-05,0.13867901002523952,0.8605899206249117,0.0007024881969489383
10548,reject,2.0507142663931101e-07,0.006054825659701082,0.993942485227167,2.4840417054310706e-06
24412,reject,4.303301138503945e-08,0.0034926041970397676,0.9965071466054125,2.0616453637179704e-07
2154,reject,3.3891612113808945e-05,0.21919983829573444,0.7800172389144502,0.0007490311777016128
10950,reject,7.661068283704335e-08,0.002703077211551177,0.9972965556552212,2.905225448939792e-07
19422,reject,2.4863999562965387e-07,0.02092699730742802,0.9790656708250812,7.083227495154206e-06
11067,reject,3.642619185594962e-07,0.009718723499827511,0.9902764358336362,4.47640461772865e-06
2900,reject,3.994199865590359e-06,0.04720978697007997,0.9524573171183572,0.00032890171169727304
19221,reject,3.2608543426968936e-06,0.011677640347473837,0.9882749829598554,4.41158383281106e-05
12296,poster,0.005383576619315283,0.8398846558277702,0.057978244456577885,0.09675352309633665
9649,poster,0.0005382261485858654,0.6838645604826581,0.28534685481346256,0.030250358555293407
10373,reject,2.7428880866485343e-05,0.3083616885668167,0.6817937461593024,0.009817136393014536
13503,reject,1.0287634725085347e-07,0.0026330890500676626,0.9973662369323532,5.711412319576414e-07
6291,reject,9.982625712276912e-08,0.015735359470112276,0.9842602256414249,4.315062205530882e-06
2377,reject,5.922898456223332e-10,1.8638097798395393e-05,0.9999813612429339,6.697780416142017e-11
7481,reject,5.2589662287615265e-06,0.043990692770948,0.9559478452619372,5.620300088610806e-05
3075,reject,6.168042207097012e-09,0.00044894642584495336,0.9995510299455206,1.746059238590254e-08
15505,reject,1.20730390269362e-05,0.08914442137472485,0.9107023220757942,0.00014118351045412368
14828,reject,6.798193935561266e-05,0.17029178859803,0.8287867202148933,0.0008535092477210504
9438,reject,3.9131240689713455e-06,0.044106528929950525,0.9558143773052866,7.51806406938042e-05
2225,reject,6.264513488849206e-07,0.044509669097982416,0.9554451790471302,4.452540353855367e-05
4062,reject,6.941098427658134e-09,0.0005611868924539827,0.9994387973439258,8.822521781881737e-09
22533,reject,2.2168112449159863e-06,0.09059459895252577,0.9085230676397987,0.0008801165964305512
4732,reject,7.518382847845997e-07,0.003031238471524704,0.9969658257537692,2.18393642130412e-06
12801,reject,2.2695481077038796e-05,0.06565303948303253,0.9336819116939203,0.0006423533419699808
15917,reject,3.306321916034479e-10,8.142415270465113e-05,0.9999185717442007,3.772462351335387e-09
24264,reject,3.780756259768821e-09,0.00026595094951682686,0.9997340429617647,2.3079622004770692e-09
13108,spotlight,0.001469695833390023,0.410359921749021,0.09084898217939465,0.4973214002381944
4050,reject,3.5238372647321394e-06,0.0175075246720543,0.9821825305547195,0.0003064209359615245
18149,reject,3.933507974176026e-06,0.08017439665536624,0.9194457647150436,0.0003759051216159357
,reject,6.606860634744305e-08,0.003734502071603613,0.9962635538130987,1.878046691347168e-06
8146,spotlight,0.0021627480594995563,0.29654175934078175,0.050157538686305236,0.6511379539134133
10721,poster,0.00028109773504061356,0.49481477117911554,0.44981442400548605,0.05508970708035786
13682,reject,2.1535004623343638e-08,0.003946548855865084,0.9960524504698014,9.79139328864746e-07
,reject,1.6904126823781525e-10,1.0808290340302241e-05,0.9999891915103502,3.026808157684536e-11
12734,reject,6.238677279282917e-05,0.109144081476267,0.8256528604737905,0.0651406712771497
15238,reject,0.0007805711301959077,0.26429937736225,0.46170510101114864,0.27321495049640543
4261,reject,1.698845468821416e-06,0.016433552869441446,0.983536482095499,2.8266189590654035e-05
8237,reject,2.5622988188352526e-08,0.002393929494309505,0.9976058204880822,2.2439461998633785e-07
20711,reject,3.7989852029280156e-05,0.2724437342634735,0.7257768872858227,0.0017413885986745502
12513,reject,2.7903492714169256e-06,0.11974294116221355,0.8799042862003686,0.00034998228814647243
8381,poster,0.0016928844530416265,0.5890487672476401,0.38396075147046177,0.025297596828856482
3657,reject,2.846122800169456e-06,0.01594397938521223,0.9837560224338908,0.00029715205809656734
4243,poster,0.00024361116299534104,0.6470836912100273,0.28139051128367354,0.07128218634330377
13371,reject,5.818803754447772e-05,0.2863857002208299,0.7114051026295038,0.0021510091121217725
4531,reject,1.618567053848233e-07,0.006854250060180831,0.9931434847012977,2.10338181602947e-06
23639,reject,6.301998470038467e-10,0.00022758043735842206,0.9997724169113923,2.0210494775182645e-09
5844,reject,7.1066032772377685e-09,0.00016098535285821332,0.9998390012253421,6.315196534543311e-09
17101,reject,4.902984698413207e-06,0.10803883986468694,0.8909229413648847,0.0010333157857299177
25499,reject,1.8156175089392312e-06,0.07982418664855354,0.9201046661359152,6.933159802243815e-05
25369,spotlight,0.006571487244002044,0.10930993537569667,0.01267810177014113,0.8714404756101601
10565,reject,3.595736295196569e-07,0.0017158915003876328,0.9982713272657666,1.2421660216213529e-05
16534,reject,2.588698564470461e-05,0.20107012233558147,0.7978180600175866,0.0010859306611871848
19240,poster,0.001479232009540218,0.6750874385339357,0.09657794918976204,0.22685538026676216
25618,reject,3.241667894238364e-10,0.00020410308648855402,0.9997958949996816,1.5896630953567273e-09
15693,reject,5.772045854439572e-07,0.013530900925429027,0.9864297786196514,3.874325033402829e-05
8118,reject,6.684047354181212e-07,0.014522246710260466,0.9854434057786331,3.367910637110712e-05
8273,reject,2.4854385547381573e-06,0.03156520329072261,0.9683808015043998,5.150976632290871e-05
5922,reject,7.684364037819807e-09,0.00015897793732924065,0.9998410084999875,5.8783191506590576e-09
17285,reject,0.0006976831991020842,0.3724085188601051,0.6169746165019953,0.009919181438797485
18492,reject,4.537857945145522e-08,0.011556994038969913,0.9884414962214312,1.464361019458846e-06
9762,reject,1.1965568518340255e-06,0.013442844761089192,0.9865160911857578,3.98674963010811e-05
22726,reject,2.7370097928633098e-08,0.0008562058035876367,0.9991436374216628,1.2940465148965322e-07
14791,reject,1.2953737256245764e-08,0.001401491976218538,0.9985983845530622,1.1051698206920406e-07
1398,reject,9.202304903687189e-06,0.11216026116672353,0.8872401477865228,0.0005903887418499415
225,reject,1.9604521981832523e-07,0.0032771011108301733,0.9967205151971638,2.1876467862053624e-06
20859,reject,0.00028543994912836825,0.3722085854245434,0.6222998105619819,0.005206164064346314
22978,reject,7.518382847845997e-07,0.003031238471524704,0.9969658257537692,2.18393642130412e-06
14844,reject,9.830191756018802e-08,0.013478197685611917,0.9865036796574407,1.802435502970433e-05
24762,reject,1.331107393358795e-06,0.0392328027124427,0.9606380340155111,0.00012783216465278019
2816,reject,4.2648925444335885e-05,0.3711688807117978,0.6253282893936859,0.0034601809690718854
22504,reject,4.7160675364393945e-09,0.0013658814129426694,0.9986340149378345,9.893315520393385e-08
14391,reject,1.7648833753444243e-05,0.04140285173783003,0.9580451317379932,0.0005343676904233739
23719,reject,7.518382847845997e-07,0.003031238471524704,0.9969658257537692,2.18393642130412e-06
21866,reject,8.851909857694596e-05,0.15033144959276606,0.846160693606041,0.003419337702616108
14362,poster,0.000128499112726095,0.6534862746014574,0.29066084461618485,0.05572438166963175
3409,reject,2.5643407423882666e-10,0.00013037388328008233,0.9998696190786059,6.7816800322746665e-09
5723,reject,7.839013107177953e-05,0.39716534848778673,0.596587182033282,0.006169079347859437
5724,reject,3.0363372069799293e-09,8.564403935875555e-05,0.9999143527837033,1.4060084573547012e-10
11294,reject,3.3342076232118535e-07,0.0035717504814438707,0.996424928069018,2.9880287759851903e-06
11104,reject,6.49428502937511e-05,0.15461493785350686,0.8442727081686225,0.001047411127576801
25190,reject,0.0002395149091862009,0.11657663242545054,0.6591543797179721,0.22402947294739117
13997,reject,4.295190137315505e-08,0.01082440029691399,0.9891726868459694,2.869905215476927e-06
24759,reject,2.6832158793765263e-09,0.00037555366496757746,0.9996244385116697,5.140146976022447e-09
4171,reject,0.00020404981014815265,0.4886818831149418,0.5050262738465472,0.006087793228362839
19693,reject,7.08886829271925e-11,0.0002193841848781368,0.999780589047689,2.669654413339748e-08
2793,poster,0.0002406982667926986,0.5531454458469696,0.3858500537145845,0.06076380217165322
148,reject,2.6692961536602785e-05,0.10395742742668944,0.8953723634278871,0.0006435161838869493
15941,reject,4.119244254749256e-07,0.015691637298325515,0.9843037625971878,4.188180061227839e-06
13943,reject,1.5697342618145842e-05,0.24179705502236448,0.7574639058598805,0.0007233417751368274
15582,reject,5.902498913108481e-07,0.008816324093819933,0.991159703376072,2.3382280216694996e-05
19950,reject,1.3291104076334986e-06,0.06672832232575572,0.9332005277628045,6.98208010321977e-05
15831,reject,0.00020543531098522874,0.28311330125735396,0.7025071339149691,0.014174129516691806
11780,poster,0.000872718672733331,0.5773823435919235,0.15689365241690395,0.2648512853184391
8043,poster,0.0011245985959612104,0.4549121121846561,0.22362094516185205,0.3203423440575306
17914,reject,2.2953518922409073e-05,0.2716664297425025,0.7203819097462024,0.007928706992372657
9066,reject,3.066500590107934e-07,0.005017459633499434,0.9949507354364185,3.149828002307291e-05
10165,reject,0.0010057488376844388,0.33889369853306683,0.6334879815241488,0.026612571105099993
9658,reject,0.00038818879893938126,0.4823431273436786,0.49645574938825326,0.020812934469128734
,poster,0.00028412665748263685,0.6317433697209175,0.2930174534334539,0.07495505018814592
1894,reject,1.7337317960285014e-07,0.004402239587633081,0.9955947152171102,2.8718220770212835e-06
333,reject,0.0011375811582548024,0.46415544591236696,0.5093862176770091,0.0253207552523691
2217,reject,0.0003166674657252605,0.40491879104602685,0.5745616075745174,0.020202933913730545
3167,poster,0.0007404558893224788,0.5619924896322094,0.22689042770554485,0.2103766267729232
10558,reject,3.3017857962323153e-07,0.009943758880014874,0.9900522376929133,3.67324849223915e-06
18540,reject,4.5271908088178074e-10,6.1357336680390534e-06,0.9999938637636123,5.000054378299038e-11
10235,poster,0.00029563616297314236,0.5195266724295613,0.25364973508456407,0.22652795632290154
16389,spotlight,0.004505947622739376,0.4334605080518677,0.021789668616049213,0.5402438757093437
1193,poster,0.0011283331204326843,0.6374226176585284,0.11340272769713525,0.2480463215239037
15804,reject,2.182886224491254e-07,0.011748417991419591,0.988246383758035,4.979961922897735e-06
14758,reject,2.224541183221565e-05,0.22236970540188494,0.7764587153450062,0.001149333841276695
810,reject,4.91129530726209e-07,0.014935623966295773,0.9849075614902174,0.00015632341395619006
20565,reject,4.819117603704504e-06,0.17789787755472738,0.8211990088850839,0.0008982944425849701
9655,reject,4.010229469346913e-09,0.004368552760786938,0.9956313410897649,1.0213921854624047e-07
37,reject,9.82608871885117e-10,0.00012166749682839014,0.9998783294702602,2.050302392302192e-09
16691,reject,2.128079671689233e-06,0.04983343584794811,0.9500989628659182,6.547320646207747e-05
2318,reject,6.144512002154021e-08,0.003900843338484709,0.9960977750426612,1.3201737340146142e-06
11961,reject,1.3670514599565774e-07,0.001176818002950282,0.998820542347448,2.5029444557195822e-06
5300,reject,2.8355651508840216e-09,0.0007253033122331967,0.9992746180107852,7.58414164406982e-08
9111,reject,3.194051844914816e-07,0.010106342154866131,0.9898736970831515,1.964135679796784e-05
25252,reject,1.4676513847350262e-07,0.004124911977265798,0.995872066966018,2.874291577786565e-06
12180,reject,1.784959475412635e-05,0.03786198055284507,0.9409565000490208,0.021163669803379984
15622,spotlight,0.013806136846003058,0.004263495554160694,0.003427662062312022,0.9785027055375242
4765,reject,2.8221697749127817e-05,0.12601885755328326,0.8725194838050875,0.0014334369438800832
18082,reject,0.0003044197928607699,0.4535918819884647,0.5254220290575358,0.020681669161138828
14314,spotlight,0.005257391444466092,0.16270943934461224,0.008533924888596727,0.8234992443223249
22706,reject,8.850503015805441e-09,0.0023740692889386277,0.9976258200602515,1.0180030705037128e-07
17621,reject,9.027100601658806e-06,0.26958180106122354,0.7294999434767431,0.0009092283614316786
6362,poster,0.0020279728717547316,0.6065896390044189,0.13469122794673946,0.2566911601770869
21332,reject,0.00019098679444963298,0.4051491212990939,0.5877998947616401,0.00685999714481642
17301,reject,1.6372697225355878e-07,0.03414096692467957,0.965327360186062,0.0005315091622861386
5315,reject,9.729464124983959e-06,0.0670159358906577,0.932914438030715,5.9896614502072386e-05
15527,poster,0.0006381301688545545,0.6122860245349955,0.3172095473721562,0.06986629792399389
5543,reject,1.7506436828486288e-06,0.07674498483643641,0.9226211371763143,0.0006321273435662623
21916,reject,5.411957127290478e-09,0.0004876167400302472,0.9995123685126174,9.335395276937431e-09
21932,reject,8.47166926206447e-07,0.051774508007068246,0.9481813274611817,4.331736482389582e-05
12796,reject,4.820514153510689e-06,0.10678706666107365,0.8926989265902157,0.0005091862345570268
4175,reject,2.7271165564217278e-08,0.0012829799399887976,0.9987169183377284,7.445111714543262e-08
,reject,2.361525484508348e-06,0.049120123373629,0.950800425840622,7.708926026441678e-05
25508,reject,2.2454503666673604e-06,0.04878247093485626,0.9500174046278484,0.0011978789869286257
19122,reject,2.3680921721383703e-05,0.12082859614528864,0.8783864355001837,0.0007612874328064596
4804,reject,5.6657921836520565e-09,1.4337373560299905e-05,0.9999856569588877,1.7597389243886537e-12
7432,poster,0.00021793990910264129,0.7136549634235168,0.2739588462949962,0.012168250372384268
18378,reject,5.114973180906217e-10,2.9626492861440117e-05,0.9999703729518442,4.379698283928186e-11
24293,reject,4.249342602886922e-05,0.09517123881338344,0.9041723889525798,0.0006138788080080456
,reject,7.073066893241806e-07,0.007807148635567183,0.9921701229796773,2.2021078066210256e-05
12208,reject,5.12426490603618e-06,0.34335044367274925,0.6557595226633668,0.0008849093989779673
13841,reject,2.428814129276984e-06,0.017109646509959154,0.9826183669294677,0.0002695577464438936
